30
sym        0.0000000 0.3496671 0.4356088 0.2527541 0.4019681 0.4471455 0.4531642 0.4682531 0.4299568 0.5411909 0.9452904 0.6223347 0.5692843 0.3072938 0.2337512 0.3837069 0.4595014 0.2337512 0.3335166 0.3516888 0.5747074 0.5333413 0.5208227 0.3295741 0.3738249 0.5421239 0.2445205 0.5443009 0.4355174 0.2358314 
cte        0.3496671 0.0000000 0.3139139 0.6097786 0.4554845 0.5046760 0.2248120 0.2981004 0.3563212 0.4732019 0.5506551 0.8383233 0.4823116 0.1905168 0.2719732 0.2701667 0.2014609 0.2719732 0.1668152 0.3094069 0.2539467 0.4912690 0.1074132 0.3119116 0.3053417 0.4339734 0.3660248 0.5473968 0.6461893 0.2442328 
ne2        0.4356088 0.3139139 0.0000000 0.2820525 0.3742926 0.4486132 0.2382597 0.4643109 0.3843459 0.6586319 0.6423673 0.8418815 0.7078343 0.2382978 0.2687128 0.2192905 0.2662451 0.2687128 0.3246340 0.4418845 0.6209486 0.4722177 0.3263477 0.3171718 0.5812765 0.8262351 0.2735784 0.3624368 0.5802551 0.4015447 
bmo        0.2527541 0.6097786 0.2820525 0.0000000 0.2834811 0.4518823 0.3186965 0.6073645 0.5625479 0.5723754 1.2339848 0.4342636 0.6176097 0.3037758 0.2986404 0.2870167 0.4896659 0.2986404 0.3628230 0.3796337 0.7824730 0.5947289 0.6786129 0.3280743 0.7335480 0.7038259 0.3166134 0.3295434 0.5678847 0.2191141 
pfu        0.4019681 0.4554845 0.3742926 0.2834811 0.0000000 0.1177855 0.4178509 0.5568830 0.3527126 0.4705689 1.1110441 0.4980470 0.6336628 0.3423491 0.2412277 0.1791190 0.2918044 0.2412277 0.2649821 0.3106805 0.7256527 0.7224251 0.6577657 0.4623151 0.8183962 0.9510701 0.3169083 0.3632498 0.7450611 0.2359478 
cgi        0.4471455 0.5046760 0.4486132 0.4518823 0.1177855 0.0000000 0.5730455 0.5017390 0.2414421 0.5196101 1.1199090 0.6300168 0.9924529 0.4662141 0.3457158 0.2754800 0.3271848 0.3457158 0.2996721 0.3457158 0.6609198 0.8141180 0.7324026 0.5115536 0.7507861 0.8732189 0.2781545 0.4600430 0.6769664 0.3083942 
csp        0.4531642 0.2248120 0.2382597 0.3186965 0.4178509 0.5730455 0.0000000 0.4555575 0.3782416 0.4610524 0.6644613 0.7534890 0.6775595 0.0900146 0.3021048 0.2517069 0.2992902 0.3021048 0.2314214 0.3021048 0.4311422 0.5385506 0.3407772 0.3537985 0.5222987 0.5675805 0.2808686 0.3566825 0.7104070 0.2794769 
lox        0.4682531 0.2981004 0.4643109 0.6073645 0.5568830 0.5017390 0.4555575 0.0000000 0.2894339 0.3589178 0.7209075 0.9326270 1.0308208 0.4499102 0.5739842 0.3265607 0.3084379 0.5739842 0.2962498 0.2276667 0.3161600 0.5848088 0.5373229 0.5717003 0.3161600 0.5209204 0.2141127 0.4344571 0.5977494 0.3373533 
miz        0.4299568 0.3563212 0.3843459 0.5625479 0.3527126 0.2414421 0.3782416 0.2894339 0.0000000 0.5826817 0.7627918 0.7035728 1.1192672 0.3139985 0.3959991 0.3123904 0.3036982 0.3959991 0.3036982 0.3959991 0.4347617 0.5236091 0.6319668 0.3792325 0.5977616 0.8453847 0.1793601 0.3282387 0.5328850 0.3460729 
bar        0.5411909 0.4732019 0.6586319 0.5723754 0.4705689 0.5196101 0.4610524 0.3589178 0.5826817 0.0000000 1.5603352 0.9762211 1.1002560 0.3042632 0.3622313 0.5144080 0.4054266 0.3622313 0.3089159 0.0654385 0.4148986 0.8073738 0.4511525 0.5407070 0.6145788 0.7961942 0.4584044 1.0177326 0.6844494 0.2775195 
lmi        0.9452904 0.5506551 0.6423673 1.2339848 1.1110441 1.1199090 0.6644613 0.7209075 0.7627918 1.5603352 0.0000000 1.8240429 0.9085290 0.7823465 0.8255293 0.6400324 1.1332913 0.8255293 1.1332913 1.0552381 1.4679773 1.1094562 0.7538878 1.5020490 1.4679773 2.0035895 1.0458461 1.1888672 1.0395360 1.0473601 
tca        0.6223347 0.8383233 0.8418815 0.4342636 0.4980470 0.6300168 0.7534890 0.9326270 0.7035728 0.9762211 1.8240429 0.0000000 0.4718528 0.6376585 0.6111534 0.5846823 0.6809510 0.6111534 0.5140258 0.6247878 0.9701175 1.0089825 1.0308208 0.6154111 0.8978439 0.9728381 0.4794822 0.6696661 0.7163363 0.2534987 
nve        0.5692843 0.4823116 0.7078343 0.6176097 0.6336628 0.9924529 0.6775595 1.0308208 1.1192672 1.1002560 0.9085290 0.4718528 0.0000000 0.5394170 0.5942865 0.6580922 0.6593356 0.5942865 0.5016563 0.7393829 0.6653616 0.9305223 0.5374322 0.6906083 0.6653616 0.9226494 0.5470039 1.3311953 0.9380574 0.3441720 
not        0.3072938 0.1905168 0.2382978 0.3037758 0.3423491 0.4662141 0.0900146 0.4499102 0.3139985 0.3042632 0.7823465 0.6376585 0.5394170 0.0000000 0.1899333 0.2515461 0.2468162 0.1899333 0.1881837 0.1899333 0.2862883 0.3599435 0.2954719 0.2395129 0.3663770 0.5262323 0.2802128 0.3818288 0.4718938 0.1679203 
lan        0.2337512 0.2719732 0.2687128 0.2986404 0.2412277 0.3457158 0.3021048 0.5739842 0.3959991 0.3622313 0.8255293 0.6111534 0.5942865 0.1899333 0.0000000 0.2732476 0.2519819 0.0000010 0.2795184 0.2306465 0.3403662 0.3101331 0.4035682 0.4387152 0.3841347 0.5466355 0.3497455 0.4513607 0.3120486 0.2008683 
lgi        0.3837069 0.2701667 0.2192905 0.2870167 0.1791190 0.2754800 0.2517069 0.3265607 0.3123904 0.5144080 0.6400324 0.5846823 0.6580922 0.2515461 0.2732476 0.0000000 0.2682190 0.2732476 0.3268650 0.3339179 0.5809777 0.7335971 0.4023613 0.3095186 0.5809777 0.6761640 0.1854993 0.2778154 0.7572306 0.2634711 
mvi        0.4595014 0.2014609 0.2662451 0.4896659 0.2918044 0.3271848 0.2992902 0.3084379 0.3036982 0.4054266 1.1332913 0.6809510 0.6593356 0.2468162 0.2519819 0.2682190 0.0000000 0.2519819 0.1128289 0.2616530 0.2603693 0.4011319 0.3111986 0.4028599 0.2917322 0.4845079 0.3110861 0.2951848 0.4260805 0.2186211 
lun        0.2337512 0.2719732 0.2687128 0.2986404 0.2412277 0.3457158 0.3021048 0.5739842 0.3959991 0.3622313 0.8255293 0.6111534 0.5942865 0.1899333 0.0000010 0.2732476 0.2519819 0.0000000 0.2795184 0.2306465 0.3403662 0.3101331 0.4035682 0.4387152 0.3841347 0.5466355 0.3497455 0.4513607 0.3120486 0.2008683 
mgr        0.3335166 0.1668152 0.3246340 0.3628230 0.2649821 0.2996721 0.2314214 0.2962498 0.3036982 0.3089159 1.1332913 0.5140258 0.5016563 0.1881837 0.2795184 0.3268650 0.1128289 0.2795184 0.0000000 0.1918454 0.1985095 0.4527179 0.2668106 0.2689835 0.3275326 0.5471854 0.2843542 0.3563791 0.4850455 0.1400999 
ped        0.3516888 0.3094069 0.4418845 0.3796337 0.3106805 0.3457158 0.3021048 0.2276667 0.3959991 0.0654385 1.0552381 0.6247878 0.7393829 0.1899333 0.2306465 0.3339179 0.2616530 0.2306465 0.1918454 0.0000000 0.2683024 0.5520785 0.3652142 0.3618437 0.4021132 0.5357890 0.3014849 0.6678263 0.4557337 0.1658183 
flu        0.5747074 0.2539467 0.6209486 0.7824730 0.7256527 0.6609198 0.4311422 0.3161600 0.4347617 0.4148986 1.4679773 0.9701175 0.6653616 0.2862883 0.3403662 0.5809777 0.2603693 0.3403662 0.1985095 0.2683024 0.0000000 0.3107203 0.3719732 0.4135769 0.1272817 0.1975026 0.4093495 0.5067613 0.3278942 0.2841382 
bne        0.5333413 0.4912690 0.4722177 0.5947289 0.7224251 0.8141180 0.5385506 0.5848088 0.5236091 0.8073738 1.1094562 1.0089825 0.9305223 0.3599435 0.3101331 0.7335971 0.4011319 0.3101331 0.4527179 0.5520785 0.3107203 0.0000000 0.7099437 0.5651206 0.2117806 0.3755997 0.5310279 0.4737768 0.1098131 0.5048566 
nvi        0.5208227 0.1074132 0.3263477 0.6786129 0.6577657 0.7324026 0.3407772 0.5373229 0.6319668 0.4511525 0.7538878 1.0308208 0.5374322 0.2954719 0.4035682 0.4023613 0.3111986 0.4035682 0.2668106 0.3652142 0.3719732 0.7099437 0.0000000 0.3789493 0.4439292 0.5068317 0.5397765 0.7933172 0.7201878 0.3714911 
dme        0.3295741 0.3119116 0.3171718 0.3280743 0.4623151 0.5115536 0.3537985 0.5717003 0.3792325 0.5407070 1.5020490 0.6154111 0.6906083 0.2395129 0.4387152 0.3095186 0.4028599 0.4387152 0.2689835 0.3618437 0.4135769 0.5651206 0.3789493 0.0000000 0.4651793 0.5415829 0.3569278 0.5110578 0.6942885 0.4181815 
dbe        0.3738249 0.3053417 0.5812765 0.7335480 0.8183962 0.7507861 0.5222987 0.3161600 0.5977616 0.6145788 1.4679773 0.8978439 0.6653616 0.3663770 0.3841347 0.5809777 0.2917322 0.3841347 0.3275326 0.4021132 0.1272817 0.2117806 0.4439292 0.4651793 0.0000000 0.0885953 0.4093495 0.4760327 0.2201522 0.3495344 
bst        0.5421239 0.4339734 0.8262351 0.7038259 0.9510701 0.8732189 0.5675805 0.5209204 0.8453847 0.7961942 2.0035895 0.9728381 0.9226494 0.5262323 0.5466355 0.6761640 0.4845079 0.5466355 0.5471854 0.5357890 0.1975026 0.3755997 0.5068317 0.5415829 0.0885953 0.0000000 0.5944557 0.4302812 0.3982928 0.5044731 
dpu        0.2445205 0.3660248 0.2735784 0.3166134 0.3169083 0.2781545 0.2808686 0.2141127 0.1793601 0.4584044 1.0458461 0.4794822 0.5470039 0.2802128 0.3497455 0.1854993 0.3110861 0.3497455 0.2843542 0.3014849 0.4093495 0.5310279 0.5397765 0.3569278 0.4093495 0.5944557 0.0000000 0.3601953 0.4324650 0.2034414 
obi        0.5443009 0.5473968 0.3624368 0.3295434 0.3632498 0.4600430 0.3566825 0.4344571 0.3282387 1.0177326 1.1888672 0.6696661 1.3311953 0.3818288 0.4513607 0.2778154 0.2951848 0.4513607 0.3563791 0.6678263 0.5067613 0.4737768 0.7933172 0.5110578 0.4760327 0.4302812 0.3601953 0.0000000 0.5853538 0.3506270 
mme        0.4355174 0.6461893 0.5802551 0.5678847 0.7450611 0.6769664 0.7104070 0.5977494 0.5328850 0.6844494 1.0395360 0.7163363 0.9380574 0.4718938 0.3120486 0.7572306 0.4260805 0.3120486 0.4850455 0.4557337 0.3278942 0.1098131 0.7201878 0.6942885 0.2201522 0.3982928 0.4324650 0.5853538 0.0000000 0.4108076 
pho        0.2358314 0.2442328 0.4015447 0.2191141 0.2359478 0.3083942 0.2794769 0.3373533 0.3460729 0.2775195 1.0473601 0.2534987 0.3441720 0.1679203 0.2008683 0.2634711 0.2186211 0.2008683 0.1400999 0.1658183 0.2841382 0.5048566 0.3714911 0.4181815 0.3495344 0.5044731 0.2034414 0.3506270 0.4108076 0.0000000 
