30
sym        0.0000000 0.3404556 0.4169565 0.2441727 0.3954414 0.4468194 0.4374514 0.4661455 0.4275941 0.5264330 0.9425162 0.5856073 0.5459397 0.2986422 0.2277909 0.3762564 0.4478536 0.2277909 0.3181850 0.3435984 0.5435303 0.5059020 0.5012998 0.3086078 0.3580884 0.5211399 0.2434658 0.5145329 0.4118687 0.2333707 
cte        0.3404556 0.0000000 0.3108847 0.5914389 0.4441231 0.4998131 0.2274297 0.2981404 0.3647905 0.4691164 0.5485503 0.7971783 0.4691723 0.1923102 0.2717269 0.2707299 0.2006172 0.2717269 0.1682301 0.3081499 0.2559679 0.4639867 0.1086343 0.3108473 0.2973957 0.4258030 0.3663336 0.5558900 0.6101240 0.2424794 
ne2        0.4169565 0.3108847 0.0000000 0.2717375 0.3605469 0.4476826 0.2350517 0.4606353 0.3885547 0.6411214 0.6342797 0.8104168 0.6885192 0.2318416 0.2627093 0.2125326 0.2639497 0.2627093 0.3158999 0.4318952 0.6152013 0.4642016 0.3200044 0.3097716 0.5766845 0.8088449 0.2742981 0.3549890 0.5619462 0.3995581 
bmo        0.2441727 0.5914389 0.2717375 0.0000000 0.2798428 0.4529036 0.3138147 0.5901606 0.5568117 0.5513351 1.2289895 0.4261775 0.5933696 0.2897826 0.2872684 0.2787744 0.4728273 0.2872684 0.3430226 0.3676091 0.7267084 0.5467935 0.6604523 0.3166947 0.6824694 0.6852299 0.3124205 0.3147800 0.5191161 0.2158797 
pfu        0.3954414 0.4441231 0.3605469 0.2798428 0.0000000 0.1173084 0.4065764 0.5498168 0.3572310 0.4614870 1.1044588 0.4860470 0.6255835 0.3366475 0.2341058 0.1782507 0.2851159 0.2341058 0.2557994 0.3041001 0.6958719 0.6703319 0.6367560 0.4454023 0.7845046 0.9296742 0.3187295 0.3613529 0.6959966 0.2398391 
cgi        0.4468194 0.4998131 0.4476826 0.4529036 0.1173084 0.0000000 0.5712636 0.5015331 0.2473619 0.5188359 1.1258318 0.6191841 0.9633789 0.4714864 0.3430753 0.2794780 0.3238715 0.3430753 0.2929321 0.3430753 0.6403328 0.7696568 0.7220110 0.5013310 0.7243381 0.8629331 0.2830534 0.4632121 0.6390386 0.3140798 
csp        0.4374514 0.2274297 0.2350517 0.3138147 0.4065764 0.5712636 0.0000000 0.4566645 0.3853949 0.4537834 0.6392224 0.7137846 0.6406961 0.0881073 0.2987732 0.2468887 0.3004136 0.2987732 0.2305813 0.2987732 0.4282913 0.5008003 0.3432491 0.3498867 0.5065875 0.5575286 0.2793274 0.3521472 0.6574123 0.2770906 
lox        0.4661455 0.2981404 0.4606353 0.5901606 0.5498168 0.5015331 0.4566645 0.0000000 0.2905239 0.3618997 0.7219510 0.8830249 0.9800051 0.4465405 0.5688770 0.3239032 0.3060663 0.5688770 0.2983170 0.2291274 0.3110066 0.5422259 0.5396749 0.5657032 0.3110066 0.5094809 0.2138863 0.4255019 0.5588509 0.3405168 
miz        0.4275941 0.3647905 0.3885547 0.5568117 0.3572310 0.2473619 0.3853949 0.2905239 0.0000000 0.6092143 0.7689147 0.6957898 1.0827707 0.3202410 0.4076487 0.3183808 0.3071796 0.4076487 0.3071796 0.4076487 0.4423366 0.5058994 0.6581448 0.3763722 0.5914696 0.8389804 0.1798331 0.3251275 0.5203416 0.3546297 
bar        0.5264330 0.4691164 0.6411214 0.5513351 0.4614870 0.5188359 0.4537834 0.3618997 0.6092143 0.0000000 1.5781013 0.9234696 1.0463793 0.3021030 0.3557263 0.4955529 0.4024433 0.3557263 0.3090709 0.0650698 0.4091855 0.7483635 0.4384398 0.5292479 0.5840910 0.7481480 0.4619758 0.9689689 0.6306788 0.2781387 
lmi        0.9425162 0.5485503 0.6342797 1.2289895 1.1044588 1.1258318 0.6392224 0.7219510 0.7689147 1.5781013 0.0000000 1.7253027 0.8902895 0.7449891 0.8015304 0.6265130 1.1057775 0.8015304 1.1057775 1.0235230 1.3704049 1.0625341 0.7604993 1.4780208 1.3704049 1.9306315 1.0411039 1.1714705 1.0042687 1.0277275 
tca        0.5856073 0.7971783 0.8104168 0.4261775 0.4860470 0.6191841 0.7137846 0.8830249 0.6957898 0.9234696 1.7253027 0.0000000 0.4610568 0.6089058 0.5787360 0.5671142 0.6691420 0.5787360 0.4936321 0.6037346 0.8974760 0.9303015 0.9800051 0.5817366 0.8393209 0.9174765 0.4655316 0.6457857 0.6834482 0.2476130 
nve        0.5459397 0.4691723 0.6885192 0.5933696 0.6255835 0.9633789 0.6406961 0.9800051 1.0827707 1.0463793 0.8902895 0.4610568 0.0000000 0.5065801 0.5587221 0.6389298 0.6427497 0.5587221 0.4785536 0.6979013 0.6247270 0.8662060 0.5247219 0.6577397 0.6247270 0.8691409 0.5322359 1.2322543 0.8609398 0.3384643 
not        0.2986422 0.1923102 0.2318416 0.2897826 0.3366475 0.4714864 0.0881073 0.4465405 0.3202410 0.3021030 0.7449891 0.6089058 0.5065801 0.0000000 0.1886521 0.2432567 0.2481234 0.1886521 0.1875603 0.1886521 0.2851870 0.3385118 0.2975578 0.2365407 0.3558988 0.5105140 0.2748818 0.3774292 0.4437155 0.1675199 
lan        0.2277909 0.2717269 0.2627093 0.2872684 0.2341058 0.3430753 0.2987732 0.5688770 0.4076487 0.3557263 0.8015304 0.5787360 0.5587221 0.1886521 0.0000000 0.2692884 0.2519377 0.0000010 0.2717441 0.2270445 0.3391432 0.2999899 0.4014699 0.4247029 0.3791003 0.5407587 0.3499085 0.4412694 0.3047934 0.2006610 
lgi        0.3762564 0.2707299 0.2125326 0.2787744 0.1782507 0.2794780 0.2468887 0.3239032 0.3183808 0.4955529 0.6265130 0.5671142 0.6389298 0.2432567 0.2692884 0.0000000 0.2680362 0.2692884 0.3210390 0.3227630 0.5728633 0.6793103 0.4013601 0.2990569 0.5728633 0.6827036 0.1837004 0.2767437 0.7058976 0.2667335 
mvi        0.4478536 0.2006172 0.2639497 0.4728273 0.2851159 0.3238715 0.3004136 0.3060663 0.3071796 0.4024433 1.1057775 0.6691420 0.6427497 0.2481234 0.2519377 0.2680362 0.0000000 0.2519377 0.1114017 0.2605998 0.2558699 0.3878235 0.3086895 0.3881893 0.2844663 0.4709355 0.3115021 0.2950027 0.4076620 0.2196849 
lun        0.2277909 0.2717269 0.2627093 0.2872684 0.2341058 0.3430753 0.2987732 0.5688770 0.4076487 0.3557263 0.8015304 0.5787360 0.5587221 0.1886521 0.0000010 0.2692884 0.2519377 0.0000000 0.2717441 0.2270445 0.3391432 0.2999899 0.4014699 0.4247029 0.3791003 0.5407587 0.3499085 0.4412694 0.3047934 0.2006610 
mgr        0.3181850 0.1682301 0.3158999 0.3430226 0.2557994 0.2929321 0.2305813 0.2983170 0.3071796 0.3090709 1.1057775 0.4936321 0.4785536 0.1875603 0.2717441 0.3210390 0.1114017 0.2717441 0.0000000 0.1919435 0.1951820 0.4216362 0.2679791 0.2601962 0.3087105 0.5126885 0.2811182 0.3501888 0.4450676 0.1383532 
ped        0.3435984 0.3081499 0.4318952 0.3676091 0.3041001 0.3430753 0.2987732 0.2291274 0.4076487 0.0650698 1.0235230 0.6037346 0.6979013 0.1886521 0.2270445 0.3227630 0.2605998 0.2270445 0.1919435 0.0000000 0.2647082 0.5106461 0.3579245 0.3537311 0.3844199 0.5010850 0.3016925 0.6437973 0.4210868 0.1663018 
flu        0.5435303 0.2559679 0.6152013 0.7267084 0.6958719 0.6403328 0.4282913 0.3110066 0.4423366 0.4091855 1.3704049 0.8974760 0.6247270 0.2851870 0.3391432 0.5728633 0.2558699 0.3391432 0.1951820 0.2647082 0.0000000 0.2888636 0.3752734 0.4063265 0.1227811 0.1878356 0.3911091 0.4979707 0.3018032 0.2747791 
bne        0.5059020 0.4639867 0.4642016 0.5467935 0.6703319 0.7696568 0.5008003 0.5422259 0.5058994 0.7483635 1.0625341 0.9303015 0.8662060 0.3385118 0.2999899 0.6793103 0.3878235 0.2999899 0.4216362 0.5106461 0.2888636 0.0000000 0.6919718 0.5384370 0.2062350 0.3626231 0.4913077 0.4504075 0.1073726 0.4711930 
nvi        0.5012998 0.1086343 0.3200044 0.6604523 0.6367560 0.7220110 0.3432491 0.5396749 0.6581448 0.4384398 0.7604993 0.9800051 0.5247219 0.2975578 0.4014699 0.4013601 0.3086895 0.4014699 0.2679791 0.3579245 0.3752734 0.6919718 0.0000000 0.3832944 0.4310828 0.4887923 0.5375230 0.7923074 0.6840922 0.3658261 
dme        0.3086078 0.3108473 0.3097716 0.3166947 0.4454023 0.5013310 0.3498867 0.5657032 0.3763722 0.5292479 1.4780208 0.5817366 0.6577397 0.2365407 0.4247029 0.2990569 0.3881893 0.4247029 0.2601962 0.3537311 0.4063265 0.5384370 0.3832944 0.0000000 0.4372250 0.5241903 0.3447458 0.4920923 0.6487484 0.4036054 
dbe        0.3580884 0.2973957 0.5766845 0.6824694 0.7845046 0.7243381 0.5065875 0.3110066 0.5914696 0.5840910 1.3704049 0.8393209 0.6247270 0.3558988 0.3791003 0.5728633 0.2844663 0.3791003 0.3087105 0.3844199 0.1227811 0.2062350 0.4310828 0.4372250 0.0000000 0.0873480 0.3911091 0.4728321 0.2137543 0.3345151 
bst        0.5211399 0.4258030 0.8088449 0.6852299 0.9296742 0.8629331 0.5575286 0.5094809 0.8389804 0.7481480 1.9306315 0.9174765 0.8691409 0.5105140 0.5407587 0.6827036 0.4709355 0.5407587 0.5126885 0.5010850 0.1878356 0.3626231 0.4887923 0.5241903 0.0873480 0.0000000 0.5687755 0.4421096 0.3805749 0.4833107 
dpu        0.2434658 0.3663336 0.2742981 0.3124205 0.3187295 0.2830534 0.2793274 0.2138863 0.1798331 0.4619758 1.0411039 0.4655316 0.5322359 0.2748818 0.3499085 0.1837004 0.3115021 0.3499085 0.2811182 0.3016925 0.3911091 0.4913077 0.5375230 0.3447458 0.3911091 0.5687755 0.0000000 0.3470667 0.3985427 0.2044612 
obi        0.5145329 0.5558900 0.3549890 0.3147800 0.3613529 0.4632121 0.3521472 0.4255019 0.3251275 0.9689689 1.1714705 0.6457857 1.2322543 0.3774292 0.4412694 0.2767437 0.2950027 0.4412694 0.3501888 0.6437973 0.4979707 0.4504075 0.7923074 0.4920923 0.4728321 0.4421096 0.3470667 0.0000000 0.5477084 0.3490663 
mme        0.4118687 0.6101240 0.5619462 0.5191161 0.6959966 0.6390386 0.6574123 0.5588509 0.5203416 0.6306788 1.0042687 0.6834482 0.8609398 0.4437155 0.3047934 0.7058976 0.4076620 0.3047934 0.4450676 0.4210868 0.3018032 0.1073726 0.6840922 0.6487484 0.2137543 0.3805749 0.3985427 0.5477084 0.0000000 0.3831484 
pho        0.2333707 0.2424794 0.3995581 0.2158797 0.2398391 0.3140798 0.2770906 0.3405168 0.3546297 0.2781387 1.0277275 0.2476130 0.3384643 0.1675199 0.2006610 0.2667335 0.2196849 0.2006610 0.1383532 0.1663018 0.2747791 0.4711930 0.3658261 0.4036054 0.3345151 0.4833107 0.2044612 0.3490663 0.3831484 0.0000000 
