19
Spathoderma_clenchi     0.0000000 7.0685453 9.0000000 8.9999987 8.9999986 8.9999982 8.9999983 8.9999989 8.9999987 8.9999987 8.9999981 8.9999987 8.9999989 8.9999989 8.9999981 8.9999987 8.9999987 8.9999990 8.9999987 
Claviderma_amplum       7.0685453 0.0000000 8.9999987 8.9999989 8.9999987 8.9999984 8.9999984 8.9999988 8.9999987 8.9999988 8.9999980 8.9999989 8.9999983 8.9999988 8.9999982 8.9999986 8.9999990 8.9999983 8.9999983 
Alexandromenia_crassa   9.0000000 8.9999987 0.0000000 8.9999982 7.0659764 3.8295014 4.2323819 7.1163063 6.6563883 7.0355238 6.7464496 6.9102148 6.6666162 6.6709614 8.9999987 6.8162956 8.3182808 4.5642812 7.1828780 
Neomenia_carinata       8.9999987 8.9999989 8.9999982 0.0000000 6.4889614 3.6189087 3.4048757 5.1795211 5.0173371 5.2175495 4.9790228 4.9834462 5.1307567 4.8510200 6.6398029 4.5551662 6.1736885 3.4352449 4.4146214 
Wirenia_argentea        8.9999986 8.9999987 7.0659764 6.4889614 0.0000000 3.0373603 2.6771941 5.6792838 5.4469815 5.7064052 5.4235194 5.6677822 5.6043897 5.2801039 7.4491459 4.4836355 3.2351154 3.7215079 8.7857920 
Chaetoderma_felderi     8.9999982 8.9999984 3.8295014 3.6189087 3.0373603 0.0000000 0.6647686 1.9096417 1.1487719 1.0061458 2.0332909 2.6066764 2.1616556 2.0518440 3.0565846 1.4797822 1.2640709 1.0569688 3.9517516 
Falcidens_caudatus      8.9999983 8.9999984 4.2323819 3.4048757 2.6771941 0.6647686 0.0000000 0.9551730 0.7237275 0.7237275 1.1848155 2.1101319 2.1312191 1.8908109 2.7850475 0.6372392 0.6601550 0.5567625 4.0977349 
Falcidens_crossotus     8.9999989 8.9999988 7.1163063 5.1795211 5.6792838 1.9096417 0.9551730 0.0000000 0.6055886 0.6055886 0.0827410 0.5794094 0.6910674 1.2268956 2.2561985 2.6123329 1.4951214 1.3867984 2.4583591 
Chaetoderma_sp          8.9999987 8.9999987 6.6563883 5.0173371 5.4469815 1.1487719 0.7237275 0.6055886 0.0000000 0.0000010 0.8744570 1.6282988 1.4930673 1.3931747 2.9444465 2.4964625 0.7595598 0.9254280 3.3333586 
Chaetoderma_shenloong   8.9999987 8.9999988 7.0355238 5.2175495 5.7064052 1.0061458 0.7237275 0.6055886 0.0000010 0.0000000 0.7615951 1.5835874 1.3700179 1.3433809 2.9444465 2.5111392 0.6311844 0.8321971 3.4695638 
Chaetoderma_majusculum  8.9999981 8.9999980 6.7464496 4.9790228 5.4235194 2.0332909 1.1848155 0.0827410 0.8744570 0.7615951 0.0000000 0.8102224 0.7981199 0.9838974 2.2199407 2.2902075 1.6005472 1.4068875 2.0422709 
Scutopus_ventrolineatus 8.9999987 8.9999989 6.9102148 4.9834462 5.6677822 2.6066764 2.1101319 0.5794094 1.6282988 1.5835874 0.8102224 0.0000000 1.6382780 1.7760150 1.6758035 3.2140135 2.6580357 1.6380633 2.3223311 
Falcidens_acutargatus   8.9999989 8.9999983 6.6666162 5.1307567 5.6043897 2.1616556 2.1312191 0.6910674 1.4930673 1.3700179 0.7981199 1.6382780 0.0000000 1.6937808 2.5614009 3.0521376 2.2130296 1.8803545 2.1696558 
Psilodens_balduri       8.9999989 8.9999988 6.6709614 4.8510200 5.2801039 2.0518440 1.8908109 1.2268956 1.3931747 1.3433809 0.9838974 1.7760150 1.6937808 0.0000000 1.9339355 2.7318004 1.4095414 1.2414608 3.1630783 
Chaetoderma_nitidulum   8.9999981 8.9999982 8.9999987 6.6398029 7.4491459 3.0565846 2.7850475 2.2561985 2.9444465 2.9444465 2.2199407 1.6758035 2.5614009 1.9339355 0.0000000 1.4032312 3.2614023 3.4173537 4.2886134 
Falcidens_halanychi     8.9999987 8.9999986 6.8162956 4.5551662 4.4836355 1.4797822 0.6372392 2.6123329 2.4964625 2.5111392 2.2902075 3.2140135 3.0521376 2.7318004 1.4032312 0.0000000 1.2226299 0.9736645 5.3200499 
Chaetoderma_japonicum   8.9999987 8.9999990 8.3182808 6.1736885 3.2351154 1.2640709 0.6601550 1.4951214 0.7595598 0.6311844 1.6005472 2.6580357 2.2130296 1.4095414 3.2614023 1.2226299 0.0000000 0.8350913 4.9385162 
Scutopus_robustus       8.9999990 8.9999983 4.5642812 3.4352449 3.7215079 1.0569688 0.5567625 1.3867984 0.9254280 0.8321971 1.4068875 1.6380633 1.8803545 1.2414608 3.4173537 0.9736645 0.8350913 0.0000000 3.6927518 
Falcidens_sagittiferus  8.9999987 8.9999983 7.1828780 4.4146214 8.7857920 3.9517516 4.0977349 2.4583591 3.3333586 3.4695638 2.0422709 2.3223311 2.1696558 3.1630783 4.2886134 5.3200499 4.9385162 3.6927518 0.0000000 
