19
Spathoderma_clenchi     0.0000000 8.9999988 9.0000000 8.9999982 8.9999990 8.9999983 8.9999989 8.9999987 8.9999989 8.9999989 8.9999989 8.9999980 8.9999987 8.9999983 8.9999981 8.9999981 8.9999983 8.9999988 8.9999981 
Claviderma_amplum       8.9999988 0.0000000 8.9999981 8.9999981 8.9999988 8.9999985 8.9999982 8.9999982 8.9999986 8.9999985 8.9999986 8.9999984 8.9999987 8.9999984 8.9999983 8.9999984 8.9999980 8.9999988 8.9999984 
Alexandromenia_crassa   9.0000000 8.9999981 0.0000000 8.9999981 8.9999981 8.5575307 8.9999984 8.9999990 8.8470795 8.9999986 8.8730876 8.8976933 8.8058406 8.9116791 8.9999987 8.9999981 8.9999985 8.5602495 8.9999984 
Neomenia_carinata       8.9999982 8.9999981 8.9999981 0.0000000 8.9999982 5.5498291 5.5807436 6.2235390 6.1335191 6.4169530 5.9354007 5.9367312 6.0958386 5.9742900 8.3029966 7.4861297 7.8488704 5.4667829 5.0799637 
Wirenia_argentea        8.9999990 8.9999988 8.9999981 8.9999982 0.0000000 6.3388157 6.5833888 7.1508812 6.9312193 7.3225886 6.7504568 6.8392195 6.9001756 6.7968586 8.9999981 8.7692833 4.6159563 6.3587765 8.9999985 
Chaetoderma_felderi     8.9999983 8.9999985 8.5575307 5.5498291 6.3388157 0.0000000 0.4930308 0.9994926 0.6864737 0.5987272 1.3994866 2.3264137 1.1069213 1.7118701 3.4433657 1.4778768 0.9124551 0.8689322 4.2331703 
Falcidens_caudatus      8.9999989 8.9999982 8.9999984 5.5807436 6.5833888 0.4930308 0.0000000 0.5732367 0.4579459 0.4579459 0.7511886 1.3050661 1.3930221 1.4450482 3.1698378 0.4537390 0.4514762 0.4689076 4.6843594 
Falcidens_crossotus     8.9999987 8.9999982 8.9999990 6.2235390 7.1508812 0.9994926 0.5732367 0.0000000 0.4447754 0.4447754 0.0645995 0.4261381 0.4452041 0.7804623 1.8328064 0.9504914 0.7531429 0.9828430 1.8265020 
Chaetoderma_sp          8.9999989 8.9999986 8.8470795 6.1335191 6.9312193 0.6864737 0.4579459 0.4447754 0.0000000 0.0000010 0.6592260 1.3089172 0.8708291 1.1205059 2.1288795 1.8527737 0.5206464 0.7036029 2.8558524 
Chaetoderma_shenloong   8.9999989 8.9999985 8.9999986 6.4169530 7.3225886 0.5987272 0.4579459 0.4447754 0.0000010 0.0000000 0.5835672 1.2274071 0.7866099 1.0462261 2.1288795 1.7358879 0.4455897 0.6196330 3.0629654 
Chaetoderma_majusculum  8.9999989 8.9999986 8.8730876 5.9354007 6.7504568 1.3994866 0.7511886 0.0645995 0.6592260 0.5835672 0.0000000 0.6366133 0.5221227 0.6621805 1.8475841 0.8078430 0.8527347 1.0767081 0.9220613 
Scutopus_ventrolineatus 8.9999980 8.9999984 8.8976933 5.9367312 6.8392195 2.3264137 1.3050661 0.4261381 1.3089172 1.2274071 0.6366133 0.0000000 1.3597064 1.0991194 1.3114629 3.0168718 1.7043371 1.2191369 1.9981103 
Falcidens_acutargatus   8.9999987 8.9999987 8.8058406 6.0958386 6.9001756 1.1069213 1.3930221 0.4452041 0.8708291 0.7866099 0.5221227 1.3597064 0.0000000 1.3075886 2.3195295 2.8366076 0.8908651 1.3748516 0.9413666 
Psilodens_balduri       8.9999983 8.9999984 8.9116791 5.9742900 6.7968586 1.7118701 1.4450482 0.7804623 1.1205059 1.0462261 0.6621805 1.0991194 1.3075886 0.0000000 1.0857973 2.5997248 1.0983349 1.0742137 1.2176171 
Chaetoderma_nitidulum   8.9999981 8.9999983 8.9999987 8.3029966 8.9999981 3.4433657 3.1698378 1.8328064 2.1288795 2.1288795 1.8475841 1.3114629 2.3195295 1.0857973 0.0000000 1.1693052 3.9356515 3.4732956 6.5106596 
Falcidens_halanychi     8.9999981 8.9999984 8.9999981 7.4861297 8.7692833 1.4778768 0.4537390 0.9504914 1.8527737 1.7358879 0.8078430 3.0168718 2.8366076 2.5997248 1.1693052 0.0000000 0.6661355 0.8654308 6.5990879 
Chaetoderma_japonicum   8.9999983 8.9999980 8.9999985 7.8488704 4.6159563 0.9124551 0.4514762 0.7531429 0.5206464 0.4455897 0.8527347 1.7043371 0.8908651 1.0983349 3.9356515 0.6661355 0.0000000 0.6327525 6.1470536 
Scutopus_robustus       8.9999988 8.9999988 8.5602495 5.4667829 6.3587765 0.8689322 0.4689076 0.9828430 0.7036029 0.6196330 1.0767081 1.2191369 1.3748516 1.0742137 3.4732956 0.8654308 0.6327525 0.0000000 3.8710463 
Falcidens_sagittiferus  8.9999981 8.9999984 8.9999984 5.0799637 8.9999985 4.2331703 4.6843594 1.8265020 2.8558524 3.0629654 0.9220613 1.9981103 0.9413666 1.2176171 6.5106596 6.5990879 6.1470536 3.8710463 0.0000000 
