30
sym        0.0000000 0.6793147 0.7526042 0.7821276 0.9177694 0.9432157 1.0109865 0.8627880 0.8220963 1.5613584 2.6371566 1.5766494 0.9168595 0.7201319 0.5544017 0.7815631 0.8093233 0.5544017 1.0066813 0.7513121 1.1463071 0.9963054 0.9165550 0.9577685 0.9213932 1.0855180 0.6570603 0.9057564 0.9102762 0.5742892 
cte        0.6793147 0.0000000 0.6926796 0.9207957 0.9826561 0.8862068 0.7186998 0.8338107 0.7227376 1.5065099 1.7725672 1.6149318 0.8574073 0.6110530 0.5349919 0.6299587 0.6514986 0.5349919 0.6879451 0.7704582 0.7492126 0.7455100 0.3358717 0.6787713 0.8358809 1.0117435 0.8402729 0.8923686 0.8595110 0.6585636 
ne2        0.7526042 0.6926796 0.0000000 0.8421999 1.0214666 0.9719466 0.7259306 1.0760171 0.9138873 1.7094048 1.9533252 1.6024131 1.2122907 0.7472333 0.6296884 0.6451770 0.6975036 0.6296884 0.8878055 0.9567613 1.1747671 0.8824411 0.4999040 0.8081549 1.0761592 1.3302559 0.7387724 0.9350332 1.1256967 0.9540853 
bmo        0.7821276 0.9207957 0.8421999 0.0000000 1.0056899 1.0805081 1.0031225 1.2940129 1.1699106 2.0402153 2.2974436 1.2126127 1.0314583 0.8708432 0.7689695 0.7078954 0.9100675 0.7689695 0.9638536 1.0360844 1.2296228 1.0220527 1.1067432 0.6936536 0.9850251 1.3500672 1.0417761 0.9201658 1.0748178 0.8027784 
pfu        0.9177694 0.9826561 1.0214666 1.0056899 0.0000000 0.2367071 1.0417991 1.1511735 0.5603861 1.6787472 2.6442227 1.1500958 1.2083086 0.9457453 0.5570635 0.5901442 0.8145946 0.5570635 0.7284021 0.9370996 1.3422305 1.0860430 1.1082723 1.1155335 1.3312390 1.5171248 0.9672412 1.1445770 0.9738283 0.6047287 
cgi        0.9432157 0.8862068 0.9719466 1.0805081 0.2367071 0.0000000 1.1117534 1.0924392 0.4230378 1.3929761 2.5423815 1.4255095 1.2707366 1.0332794 0.5929431 0.5941196 0.8239247 0.5929431 0.6649258 0.7712512 1.2553845 1.0869482 1.0265256 0.9826795 1.2603077 1.4768164 0.8949987 1.0130727 0.8828112 0.7043528 
csp        1.0109865 0.7186998 0.7259306 1.0031225 1.0417991 1.1117534 0.0000000 0.9712701 0.8485899 1.5449081 1.9107720 1.5270451 1.3117324 0.2410923 0.7425320 0.6032221 0.6578272 0.7425320 0.7035569 0.8626986 0.9911101 0.9076830 0.6055952 0.9785707 1.2278628 1.1354546 0.7619722 0.8398551 0.9841755 0.9780068 
lox        0.8627880 0.8338107 1.0760171 1.2940129 1.1511735 1.0924392 0.9712701 0.0000000 0.9771834 0.8703669 1.8111400 1.6954563 1.3739351 0.8754452 1.0035525 0.5577819 0.6804807 1.0035525 0.8650582 0.5637125 0.9707701 1.1310134 1.1171616 1.2141507 0.8917728 1.0521948 0.8215232 1.2322433 0.9092980 0.7089726 
miz        0.8220963 0.7227376 0.9138873 1.1699106 0.5603861 0.4230378 0.8485899 0.9771834 0.0000000 1.4310607 2.0136802 1.5700876 1.5034299 0.6528217 0.6258071 0.6857052 0.8627140 0.6258071 0.7407591 0.8530960 1.0572039 0.8976695 0.9160794 0.8946068 1.0201948 1.4139943 0.7159320 0.7650668 0.8274781 0.5956275 
bar        1.5613584 1.5065099 1.7094048 2.0402153 1.6787472 1.3929761 1.5449081 0.8703669 1.4310607 0.0000000 4.0540484 2.5548471 2.5389092 1.2329310 1.1081407 1.2797554 1.5559108 1.1081407 1.2851430 0.3562840 1.4556420 1.5474363 1.3760290 1.6134032 1.3995737 1.4069643 1.4118078 2.0489290 1.1377391 1.2810189 
lmi        2.6371566 1.7725672 1.9533252 2.2974436 2.6442227 2.5423815 1.9107720 1.8111400 2.0136802 4.0540484 0.0000000 2.8037523 1.7252680 1.9636298 1.9867999 1.6285259 2.3215262 1.9867999 2.3955286 2.2808695 2.5443465 2.0322945 1.9977471 2.6839181 2.2583207 3.0464136 2.0515656 2.1119569 1.8762046 2.1328784 
tca        1.5766494 1.6149318 1.6024131 1.2126127 1.1500958 1.4255095 1.5270451 1.6954563 1.5700876 2.5548471 2.8037523 0.0000000 1.3977759 1.4622950 1.2159637 1.2251792 1.5870355 1.2159637 1.3547529 1.2875331 1.6045835 1.6967045 1.7297555 1.3190076 1.3292832 1.4364869 1.0337584 1.6235464 1.4616863 1.1858781 
nve        0.9168595 0.8574073 1.2122907 1.0314583 1.2083086 1.2707366 1.3117324 1.3739351 1.5034299 2.5389092 1.7252680 1.3977759 0.0000000 1.2118840 0.7907634 1.0266941 0.7955363 0.7907634 1.2233798 1.2562857 1.3445788 1.2695408 0.9834218 1.2054350 1.1965919 1.3198414 1.1342458 1.5991500 1.2081223 0.8619064 
not        0.7201319 0.6110530 0.7472333 0.8708432 0.9457453 1.0332794 0.2410923 0.8754452 0.6528217 1.2329310 1.9636298 1.4622950 1.2118840 0.0000000 0.5522054 0.5510878 0.6840494 0.5522054 0.7693579 0.6493919 0.8035597 0.7658941 0.6400235 0.7612650 0.8889097 1.1707156 0.8098894 0.7992032 0.7386855 0.6609525 
lan        0.5544017 0.5349919 0.6296884 0.7689695 0.5570635 0.5929431 0.7425320 1.0035525 0.6258071 1.1081407 1.9867999 1.2159637 0.7907634 0.5522054 0.0000000 0.4830435 0.6246657 0.0000010 0.6709662 0.5687873 0.7977481 0.6578431 0.6945136 0.7868840 0.5676262 0.7842980 0.6967295 0.8236454 0.5162799 0.4668643 
lgi        0.7815631 0.6299587 0.6451770 0.7078954 0.5901442 0.5941196 0.6032221 0.5577819 0.6857052 1.2797554 1.6285259 1.2251792 1.0266941 0.5510878 0.4830435 0.0000000 0.5358302 0.4830435 0.6894376 0.6211609 1.1347919 1.1188592 0.7913245 0.6176525 0.8165428 1.1211124 0.5015502 0.8002305 0.9118893 0.6616272 
mvi        0.8093233 0.6514986 0.6975036 0.9100675 0.8145946 0.8239247 0.6578272 0.6804807 0.8627140 1.5559108 2.3215262 1.5870355 0.7955363 0.6840494 0.6246657 0.5358302 0.0000000 0.6246657 0.7154805 0.8001883 0.9422715 0.7915701 0.7026625 0.8844128 0.9309406 1.0419975 0.8649098 0.7623917 0.7806807 0.7199953 
lun        0.5544017 0.5349919 0.6296884 0.7689695 0.5570635 0.5929431 0.7425320 1.0035525 0.6258071 1.1081407 1.9867999 1.2159637 0.7907634 0.5522054 0.0000010 0.4830435 0.6246657 0.0000000 0.6709662 0.5687873 0.7977481 0.6578431 0.6945136 0.7868840 0.5676262 0.7842980 0.6967295 0.8236454 0.5162799 0.4668643 
mgr        1.0066813 0.6879451 0.8878055 0.9638536 0.7284021 0.6649258 0.7035569 0.8650582 0.7407591 1.2851430 2.3955286 1.3547529 1.2233798 0.7693579 0.6709662 0.6894376 0.7154805 0.6709662 0.0000000 0.6774110 0.7517717 0.9657391 0.7574080 0.8120170 0.8322399 1.1352852 0.9129407 1.1404690 0.8154872 0.4990127 
ped        0.7513121 0.7704582 0.9567613 1.0360844 0.9370996 0.7712512 0.8626986 0.5637125 0.8530960 0.3562840 2.2808695 1.2875331 1.2562857 0.6493919 0.5687873 0.6211609 0.8001883 0.5687873 0.6774110 0.0000000 0.8576201 1.0340887 0.7573492 0.7748558 0.8600355 0.9093264 0.7923265 1.1400632 0.7603478 0.6683580 
flu        1.1463071 0.7492126 1.1747671 1.2296228 1.3422305 1.2553845 0.9911101 0.9707701 1.0572039 1.4556420 2.5443465 1.6045835 1.3445788 0.8035597 0.7977481 1.1347919 0.9422715 0.7977481 0.7517717 0.8576201 0.0000000 0.6476887 0.8250521 0.9503574 0.5270613 0.5816103 1.1509591 1.2097006 0.5723931 0.8538485 
bne        0.9963054 0.7455100 0.8824411 1.0220527 1.0860430 1.0869482 0.9076830 1.1310134 0.8976695 1.5474363 2.0322945 1.6967045 1.2695408 0.7658941 0.6578431 1.1188592 0.7915701 0.6578431 0.9657391 1.0340887 0.6476887 0.0000000 0.7715973 1.0202334 0.7267210 0.8587892 1.0111081 0.9372430 0.3033620 0.9509823 
nvi        0.9165550 0.3358717 0.4999040 1.1067432 1.1082723 1.0265256 0.6055952 1.1171616 0.9160794 1.3760290 1.9977471 1.7297555 0.9834218 0.6400235 0.6945136 0.7913245 0.7026625 0.6945136 0.7574080 0.7573492 0.8250521 0.7715973 0.0000000 0.8303290 1.0382690 0.9923368 0.9610976 1.3057718 0.8934214 0.9427533 
dme        0.9577685 0.6787713 0.8081549 0.6936536 1.1155335 0.9826795 0.9785707 1.2141507 0.8946068 1.6134032 2.6839181 1.3190076 1.2054350 0.7612650 0.7868840 0.6176525 0.8844128 0.7868840 0.8120170 0.7748558 0.9503574 1.0202334 0.8303290 0.0000000 0.9580480 1.2871685 0.9453374 1.1908920 1.0277404 1.0164421 
dbe        0.9213932 0.8358809 1.0761592 0.9850251 1.3312390 1.2603077 1.2278628 0.8917728 1.0201948 1.3995737 2.2583207 1.3292832 1.1965919 0.8889097 0.5676262 0.8165428 0.9309406 0.5676262 0.8322399 0.8600355 0.5270613 0.7267210 1.0382690 0.9580480 0.0000000 0.2155049 0.8427305 1.0891298 0.6098415 0.6799533 
bst        1.0855180 1.0117435 1.3302559 1.3500672 1.5171248 1.4768164 1.1354546 1.0521948 1.4139943 1.4069643 3.0464136 1.4364869 1.3198414 1.1707156 0.7842980 1.1211124 1.0419975 0.7842980 1.1352852 0.9093264 0.5816103 0.8587892 0.9923368 1.2871685 0.2155049 0.0000000 1.0144255 1.2942426 0.7484369 1.0361965 
dpu        0.6570603 0.8402729 0.7387724 1.0417761 0.9672412 0.8949987 0.7619722 0.8215232 0.7159320 1.4118078 2.0515656 1.0337584 1.1342458 0.8098894 0.6967295 0.5015502 0.8649098 0.6967295 0.9129407 0.7923265 1.1509591 1.0111081 0.9610976 0.9453374 0.8427305 1.0144255 0.0000000 0.9680670 0.8946653 0.7437618 
obi        0.9057564 0.8923686 0.9350332 0.9201658 1.1445770 1.0130727 0.8398551 1.2322433 0.7650668 2.0489290 2.1119569 1.6235464 1.5991500 0.7992032 0.8236454 0.8002305 0.7623917 0.8236454 1.1404690 1.1400632 1.2097006 0.9372430 1.3057718 1.1908920 1.0891298 1.2942426 0.9680670 0.0000000 1.0639504 0.7314132 
mme        0.9102762 0.8595110 1.1256967 1.0748178 0.9738283 0.8828112 0.9841755 0.9092980 0.8274781 1.1377391 1.8762046 1.4616863 1.2081223 0.7386855 0.5162799 0.9118893 0.7806807 0.5162799 0.8154872 0.7603478 0.5723931 0.3033620 0.8934214 1.0277404 0.6098415 0.7484369 0.8946653 1.0639504 0.0000000 0.7508915 
pho        0.5742892 0.6585636 0.9540853 0.8027784 0.6047287 0.7043528 0.9780068 0.7089726 0.5956275 1.2810189 2.1328784 1.1858781 0.8619064 0.6609525 0.4668643 0.6616272 0.7199953 0.4668643 0.4990127 0.6683580 0.8538485 0.9509823 0.9427533 1.0164421 0.6799533 1.0361965 0.7437618 0.7314132 0.7508915 0.0000000 
