30
sym        0.0000000 0.6385864 0.7111780 0.7284407 0.8467427 0.8639361 0.9397047 0.8043949 0.7602720 1.4080140 2.3114115 1.4106033 0.8521120 0.6823921 0.5214697 0.7311952 0.7639092 0.5214697 0.9376789 0.7003758 1.0443108 0.9196285 0.8517216 0.9002992 0.8484861 0.9965405 0.6118522 0.8505154 0.8470394 0.5447764 
cte        0.6385864 0.0000000 0.6609874 0.8389815 0.9031678 0.8182043 0.6802377 0.7834311 0.6745999 1.3749897 1.5854778 1.4454297 0.7900826 0.5802377 0.4992874 0.5956427 0.6171036 0.4992874 0.6528615 0.7194959 0.6875227 0.6889923 0.3257704 0.6306029 0.7698183 0.9294183 0.7789723 0.8318230 0.7945176 0.6198671 
ne2        0.7111780 0.6609874 0.0000000 0.7900396 0.9593085 0.9047400 0.6942165 1.0131495 0.8485503 1.5619679 1.7732071 1.4600075 1.1183324 0.7092686 0.6010704 0.6240242 0.6743819 0.6010704 0.8454218 0.8933215 1.0893189 0.8251173 0.4781724 0.7616090 0.9957387 1.2324375 0.7071215 0.8807085 1.0584829 0.8930341 
bmo        0.7284407 0.8389815 0.7900396 0.0000000 0.9271639 0.9811108 0.9242313 1.1737384 1.0661387 1.8311202 2.0224137 1.0981455 0.9369993 0.8130082 0.7129272 0.6592626 0.8410311 0.7129272 0.8989208 0.9516838 1.1296629 0.9375391 1.0169239 0.6429807 0.9040771 1.2253029 0.9565037 0.8494447 0.9946761 0.7583973 
pfu        0.8467427 0.9031678 0.9593085 0.9271639 0.0000000 0.2255337 0.9704904 1.0379484 0.5227071 1.4853156 2.3384655 1.0349962 1.1063204 0.8786911 0.5150848 0.5614345 0.7656045 0.5150848 0.6730001 0.8470738 1.2097356 0.9937191 1.0212358 1.0258867 1.2039215 1.3659206 0.8938331 1.0596962 0.8930463 0.5608435 
cgi        0.8639361 0.8182043 0.9047400 0.9811108 0.2255337 0.0000000 1.0275320 0.9898848 0.3996160 1.2420381 2.2452161 1.2715038 1.1506564 0.9550610 0.5427739 0.5572331 0.7688492 0.5427739 0.6177635 0.6977500 1.1394592 0.9919677 0.9455345 0.9002295 1.1357379 1.3339099 0.8276643 0.9364982 0.8119782 0.6478324 
csp        0.9397047 0.6802377 0.6942165 0.9242313 0.9704904 1.0275320 0.0000000 0.9073600 0.7921512 1.4028043 1.7526778 1.3888605 1.2097833 0.2330585 0.6969816 0.5706702 0.6272219 0.6969816 0.6764158 0.8055685 0.9142185 0.8516550 0.5792761 0.9071642 1.1294115 1.0532238 0.7267526 0.7944185 0.9240597 0.9124887 
lox        0.8043949 0.7834311 1.0131495 1.1737384 1.0379484 0.9898848 0.9073600 0.0000000 0.9031058 0.8059598 1.6416625 1.5128023 1.2437166 0.8137074 0.9157425 0.5233002 0.6516451 0.9157425 0.8125314 0.5267876 0.9024480 1.0528122 1.0377857 1.1027964 0.8317300 0.9755235 0.7608088 1.1501188 0.8472846 0.6644036 
miz        0.7602720 0.6745999 0.8485503 1.0661387 0.5227071 0.3996160 0.7921512 0.9031058 0.0000000 1.2718146 1.8299538 1.4202348 1.3648458 0.6141827 0.5731426 0.6441372 0.8090149 0.5731426 0.6884394 0.7767902 0.9683143 0.8293053 0.8461643 0.8273564 0.9312686 1.2837695 0.6705259 0.7211189 0.7706640 0.5558201 
bar        1.4080140 1.3749897 1.5619679 1.8311202 1.4853156 1.2420381 1.4028043 0.8059598 1.2718146 0.0000000 3.3899130 2.2177292 2.1968036 1.1334152 1.0002079 1.1443859 1.4308342 1.0002079 1.1740241 0.3379782 1.3354919 1.4139766 1.2723013 1.4465910 1.2761560 1.2925264 1.2825676 1.8369712 1.0397558 1.1613459 
lmi        2.3114115 1.5854778 1.7732071 2.0224137 2.3384655 2.2452161 1.7526778 1.6416625 1.8299538 3.3899130 0.0000000 2.4520232 1.5344873 1.7872223 1.7718516 1.4791017 2.1038696 1.7718516 2.1442077 2.0053803 2.2396103 1.8379671 1.7980847 2.3239989 1.9833887 2.6471531 1.8563207 1.8921399 1.6998166 1.9025630 
tca        1.4106033 1.4454297 1.4600075 1.0981455 1.0349962 1.2715038 1.3888605 1.5128023 1.4202348 2.2177292 2.4520232 0.0000000 1.2698833 1.3335501 1.1000005 1.1129709 1.4532571 1.1000005 1.2376161 1.1586242 1.4425334 1.5259380 1.5594065 1.1954138 1.2081574 1.2939722 0.9480917 1.4674543 1.3228846 1.0896492 
nve        0.8521120 0.7900826 1.1183324 0.9369993 1.1063204 1.1506564 1.2097833 1.2437166 1.3648458 2.1968036 1.5344873 1.2698833 0.0000000 1.1227018 0.7348026 0.9517306 0.7511466 0.7348026 1.1280860 1.1403872 1.2179849 1.1533415 0.9112915 1.0956131 1.0808303 1.1904333 1.0433883 1.4449234 1.1091756 0.8105604 
not        0.6823921 0.5802377 0.7092686 0.8130082 0.8786911 0.9550610 0.2330585 0.8137074 0.6141827 1.1334152 1.7872223 1.3335501 1.1227018 0.0000000 0.5250962 0.5205785 0.6475020 0.5250962 0.7301707 0.6153797 0.7414770 0.7190205 0.6053524 0.7144550 0.8258036 1.0791744 0.7596135 0.7590763 0.6975884 0.6274182 
lan        0.5214697 0.4992874 0.6010704 0.7129272 0.5150848 0.5427739 0.6969816 0.9157425 0.5731426 1.0002079 1.7718516 1.1000005 0.7348026 0.5250962 0.0000000 0.4545998 0.5906808 0.0000010 0.6222375 0.5259141 0.7383175 0.6156451 0.6577095 0.7250698 0.5215231 0.7226046 0.6442152 0.7640071 0.4837206 0.4358544 
lgi        0.7311952 0.5956427 0.6240242 0.6592626 0.5614345 0.5572331 0.5706702 0.5233002 0.6441372 1.1443859 1.4791017 1.1129709 0.9517306 0.5205785 0.4545998 0.0000000 0.5127152 0.4545998 0.6477416 0.5736714 1.0409110 1.0426812 0.7518403 0.5778352 0.7503683 1.0253321 0.4774461 0.7538633 0.8500647 0.6188819 
mvi        0.7639092 0.6171036 0.6743819 0.8410311 0.7656045 0.7688492 0.6272219 0.6516451 0.8090149 1.4308342 2.1038696 1.4532571 0.7511466 0.6475020 0.5906808 0.5127152 0.0000000 0.5906808 0.6842015 0.7529904 0.8853775 0.7481043 0.6724073 0.8371178 0.8735838 0.9705028 0.8139624 0.7178740 0.7458751 0.6828053 
lun        0.5214697 0.4992874 0.6010704 0.7129272 0.5150848 0.5427739 0.6969816 0.9157425 0.5731426 1.0002079 1.7718516 1.1000005 0.7348026 0.5250962 0.0000010 0.4545998 0.5906808 0.0000000 0.6222375 0.5259141 0.7383175 0.6156451 0.6577095 0.7250698 0.5215231 0.7226046 0.6442152 0.7640071 0.4837206 0.4358544 
mgr        0.9376789 0.6528615 0.8454218 0.8989208 0.6730001 0.6177635 0.6764158 0.8125314 0.6884394 1.1740241 2.1442077 1.2376161 1.1280860 0.7301707 0.6222375 0.6477416 0.6842015 0.6222375 0.0000000 0.6300402 0.7075284 0.9018084 0.7223268 0.7530056 0.7726338 1.0536778 0.8591618 1.0671512 0.7648342 0.4685028 
ped        0.7003758 0.7194959 0.8933215 0.9516838 0.8470738 0.6977500 0.8055685 0.5267876 0.7767902 0.3379782 2.0053803 1.1586242 1.1403872 0.6153797 0.5259141 0.5736714 0.7529904 0.5259141 0.6300402 0.0000000 0.7973245 0.9577063 0.7160282 0.7148540 0.7953503 0.8476297 0.7291590 1.0517429 0.7050053 0.6196867 
flu        1.0443108 0.6875227 1.0893189 1.1296629 1.2097356 1.1394592 0.9142185 0.9024480 0.9683143 1.3354919 2.2396103 1.4425334 1.2179849 0.7414770 0.7383175 1.0409110 0.8853775 0.7383175 0.7075284 0.7973245 0.0000000 0.6069697 0.7637857 0.8653026 0.4965484 0.5491370 1.0586052 1.1110574 0.5431353 0.7867281 
bne        0.9196285 0.6889923 0.8251173 0.9375391 0.9937191 0.9919677 0.8516550 1.0528122 0.8293053 1.4139766 1.8379671 1.5259380 1.1533415 0.7190205 0.6156451 1.0426812 0.7481043 0.6156451 0.9018084 0.9577063 0.6069697 0.0000000 0.7154808 0.9317994 0.6813320 0.8012947 0.9485493 0.8806446 0.2898750 0.8830823 
nvi        0.8517216 0.3257704 0.4781724 1.0169239 1.0212358 0.9455345 0.5792761 1.0377857 0.8461643 1.2723013 1.7980847 1.5594065 0.9112915 0.6053524 0.6577095 0.7518403 0.6724073 0.6577095 0.7223268 0.7160282 0.7637857 0.7154808 0.0000000 0.7787441 0.9634109 0.9269288 0.9062276 1.2071657 0.8378041 0.8734127 
dme        0.9002992 0.6306029 0.7616090 0.6429807 1.0258867 0.9002295 0.9071642 1.1027964 0.8273564 1.4465910 2.3239989 1.1954138 1.0956131 0.7144550 0.7250698 0.5778352 0.8371178 0.7250698 0.7530056 0.7148540 0.8653026 0.9317994 0.7787441 0.0000000 0.8753172 1.1768491 0.8784841 1.0764723 0.9463103 0.9290080 
dbe        0.8484861 0.7698183 0.9957387 0.9040771 1.2039215 1.1357379 1.1294115 0.8317300 0.9312686 1.2761560 1.9833887 1.2081574 1.0808303 0.8258036 0.5215231 0.7503683 0.8735838 0.5215231 0.7726338 0.7953503 0.4965484 0.6813320 0.9634109 0.8753172 0.0000000 0.2064727 0.7774608 1.0039590 0.5757495 0.6255607 
bst        0.9965405 0.9294183 1.2324375 1.2253029 1.3659206 1.3339099 1.0532238 0.9755235 1.2837695 1.2925264 2.6471531 1.2939722 1.1904333 1.0791744 0.7226046 1.0253321 0.9705028 0.7226046 1.0536778 0.8476297 0.5491370 0.8012947 0.9269288 1.1768491 0.2064727 0.0000000 0.9425605 1.1857399 0.7032602 0.9518466 
dpu        0.6118522 0.7789723 0.7071215 0.9565037 0.8938331 0.8276643 0.7267526 0.7608088 0.6705259 1.2825676 1.8563207 0.9480917 1.0433883 0.7596135 0.6442152 0.4774461 0.8139624 0.6442152 0.8591618 0.7291590 1.0586052 0.9485493 0.9062276 0.8784841 0.7774608 0.9425605 0.0000000 0.9062782 0.8396165 0.6873834 
obi        0.8505154 0.8318230 0.8807085 0.8494447 1.0596962 0.9364982 0.7944185 1.1501188 0.7211189 1.8369712 1.8921399 1.4674543 1.4449234 0.7590763 0.7640071 0.7538633 0.7178740 0.7640071 1.0671512 1.0517429 1.1110574 0.8806446 1.2071657 1.0764723 1.0039590 1.1857399 0.9062782 0.0000000 1.0014349 0.6936842 
mme        0.8470394 0.7945176 1.0584829 0.9946761 0.8930463 0.8119782 0.9240597 0.8472846 0.7706640 1.0397558 1.6998166 1.3228846 1.1091756 0.6975884 0.4837206 0.8500647 0.7458751 0.4837206 0.7648342 0.7050053 0.5431353 0.2898750 0.8378041 0.9463103 0.5757495 0.7032602 0.8396165 1.0014349 0.0000000 0.6995019 
pho        0.5447764 0.6198671 0.8930341 0.7583973 0.5608435 0.6478324 0.9124887 0.6644036 0.5558201 1.1613459 1.9025630 1.0896492 0.8105604 0.6274182 0.4358544 0.6188819 0.6828053 0.4358544 0.4685028 0.6196867 0.7867281 0.8830823 0.8734127 0.9290080 0.6255607 0.9518466 0.6873834 0.6936842 0.6995019 0.0000000 
