30
sym        0.0000000 0.3803118 0.6029149 0.3175981 0.4820850 0.5924193 0.6420721 0.5687704 0.6154161 0.6210733 1.1942455 0.7215654 0.6386661 0.3717387 0.2235391 0.5810266 0.4918289 0.2235391 0.3303816 0.4083485 0.5570535 0.4590420 0.6314588 0.4758814 0.3387953 0.5789032 0.3257640 0.6688467 0.4051507 0.2354423 
cte        0.3803118 0.0000000 0.3336105 0.6942986 0.5402564 0.6571694 0.2538634 0.4110774 0.3895624 0.5376902 0.7057700 0.9996955 0.5320249 0.1646600 0.2499667 0.3427315 0.1949427 0.2499667 0.1734838 0.3421667 0.2398561 0.4083820 0.1149313 0.3070578 0.3154810 0.5318027 0.4279930 0.6630119 0.6538416 0.2855474 
ne2        0.6029149 0.3336105 0.0000000 0.3377713 0.4948573 0.7000633 0.3035244 0.6672241 0.5346090 0.8552975 0.8430097 0.8991008 0.7029422 0.2484042 0.3196797 0.2647783 0.2655153 0.3196797 0.3503022 0.5942256 0.7291137 0.4979030 0.3277385 0.2962333 0.6297084 0.9588738 0.3629210 0.5143346 0.6892693 0.4817017 
bmo        0.3175981 0.6942986 0.3377713 0.0000000 0.2732020 0.5192695 0.4254272 0.7229369 0.7647965 0.6450719 1.5573100 0.4676899 0.5900380 0.3704115 0.3476417 0.3379813 0.5215598 0.3476417 0.3636534 0.4394714 0.8147605 0.5645458 0.7726084 0.3460695 0.7094430 0.7154693 0.3701908 0.4172989 0.5521760 0.2321311 
pfu        0.4820850 0.5402564 0.4948573 0.2732020 0.0000000 0.1283325 0.6204631 0.6843871 0.4527847 0.5172801 1.7928915 0.5102838 0.7906304 0.4090831 0.2522822 0.2338439 0.3093200 0.2522822 0.2652834 0.3329754 0.7683840 0.6862375 0.8471601 0.4599121 0.8105111 1.0102171 0.3754222 0.4441487 0.7674909 0.2274699 
cgi        0.5924193 0.6571694 0.7000633 0.5192695 0.1283325 0.0000000 0.8966937 0.6933457 0.3696293 0.6310873 1.9699412 0.7323733 1.2360204 0.6165671 0.4082859 0.3977911 0.3803636 0.4082859 0.3270363 0.4082859 0.7792787 0.8414826 1.0367833 0.5596032 0.8225861 1.0255067 0.3733953 0.6468196 0.7784435 0.3503558 
csp        0.6420721 0.2538634 0.3035244 0.4254272 0.6204631 0.8966937 0.0000000 0.6175066 0.4938457 0.6295562 0.9124148 0.9104181 0.8149808 0.0880817 0.4207259 0.3609345 0.3512229 0.4207259 0.2659505 0.4207259 0.5136839 0.6367065 0.4432570 0.3848186 0.6458874 0.7127209 0.3958135 0.4757567 0.9619932 0.3892588 
lox        0.5687704 0.4110774 0.6672241 0.7229369 0.6843871 0.6933457 0.6175066 0.0000000 0.3817564 0.3868424 1.0257662 1.1904841 1.2601583 0.5168227 0.7023549 0.4437660 0.4495145 0.7023549 0.3812265 0.2319284 0.3964382 0.6783642 0.8172311 0.6144565 0.3964382 0.6821289 0.2496694 0.5914033 0.7544987 0.4410281 
miz        0.6154161 0.3895624 0.5346090 0.7647965 0.4527847 0.3696293 0.4938457 0.3817564 0.0000000 0.6683538 1.1375952 0.7888228 1.3033583 0.3200935 0.4444628 0.4449021 0.3269405 0.4444628 0.3269405 0.4444628 0.4973743 0.5610107 0.7773551 0.3851743 0.6612360 1.0247521 0.2357036 0.4690653 0.6270674 0.3933327 
bar        0.6210733 0.5376902 0.8552975 0.6450719 0.5172801 0.6310873 0.6295562 0.3868424 0.6683538 0.0000000 2.2442377 1.0195645 1.2227375 0.3447604 0.4186458 0.6479562 0.4728309 0.4186458 0.3168724 0.0554795 0.4199563 0.8666111 0.5848826 0.5496220 0.6487502 0.8702737 0.5531602 1.1375911 0.8100177 0.2943255 
lmi        1.1942455 0.7057700 0.8430097 1.5573100 1.7928915 1.9699412 0.9124148 1.0257662 1.1375952 2.2442377 0.0000000 2.0953676 1.1120694 0.9395051 1.0403283 0.9575079 1.5111914 1.0403283 1.5111914 1.4534278 1.8504068 1.3408001 0.9656661 1.7856755 1.8504068 2.7758978 1.5200942 1.6172567 1.1548559 1.4712997 
tca        0.7215654 0.9996955 0.8991008 0.4676899 0.5102838 0.7323733 0.9104181 1.1904841 0.7888228 1.0195645 2.0953676 0.0000000 0.6638644 0.7388985 0.6322020 0.8035292 0.7520950 0.6322020 0.5439084 0.7137894 1.1042826 0.9544332 1.2601583 0.6318337 0.9711449 1.0551723 0.5662934 0.7428117 0.6775903 0.2990394 
nve        0.6386661 0.5320249 0.7029422 0.5900380 0.7906304 1.2360204 0.8149808 1.2601583 1.3033583 1.2227375 1.1120694 0.6638644 0.0000000 0.5849605 0.6490503 0.8557600 0.7680005 0.6490503 0.5612650 0.8721185 0.7128884 0.8051752 0.5947015 0.6831501 0.7128884 1.0636473 0.6141220 1.4203261 0.9170111 0.4239422 
not        0.3717387 0.1646600 0.2484042 0.3704115 0.4090831 0.6165671 0.0880817 0.5168227 0.3200935 0.3447604 0.9395051 0.7388985 0.5849605 0.0000000 0.2015152 0.2920017 0.2202162 0.2015152 0.1611659 0.2015152 0.2647183 0.3533849 0.2999835 0.2070518 0.3722821 0.6112575 0.3221448 0.4526561 0.5654360 0.1752678 
lan        0.2235391 0.2499667 0.3196797 0.3476417 0.2522822 0.4082859 0.4207259 0.7023549 0.4444628 0.4186458 1.0403283 0.6322020 0.6490503 0.2015152 0.0000000 0.3196116 0.2391521 0.0000010 0.2727526 0.2570551 0.3398032 0.2847317 0.4290517 0.4496730 0.3542496 0.5817136 0.3897178 0.5411362 0.3135126 0.1941106 
lgi        0.5810266 0.3427315 0.2647783 0.3379813 0.2338439 0.3977911 0.3609345 0.4437660 0.4449021 0.6479562 0.9575079 0.8035292 0.8557600 0.2920017 0.3196116 0.0000000 0.3053981 0.3196116 0.4002426 0.4222339 0.7176844 0.7983653 0.5749469 0.3122176 0.7176844 0.8972354 0.2246001 0.3479259 0.8966213 0.3316452 
mvi        0.4918289 0.1949427 0.2655153 0.5215598 0.3093200 0.3803636 0.3512229 0.4495145 0.3269405 0.4728309 1.5111914 0.7520950 0.7680005 0.2202162 0.2391521 0.3053981 0.0000000 0.2391521 0.1062384 0.2953601 0.2616182 0.3439093 0.3515087 0.3193468 0.2730426 0.5024256 0.3442739 0.3223200 0.4483920 0.2315304 
lun        0.2235391 0.2499667 0.3196797 0.3476417 0.2522822 0.4082859 0.4207259 0.7023549 0.4444628 0.4186458 1.0403283 0.6322020 0.6490503 0.2015152 0.0000010 0.3196116 0.2391521 0.0000000 0.2727526 0.2570551 0.3398032 0.2847317 0.4290517 0.4496730 0.3542496 0.5817136 0.3897178 0.5411362 0.3135126 0.1941106 
mgr        0.3303816 0.1734838 0.3503022 0.3636534 0.2652834 0.3270363 0.2659505 0.3812265 0.3269405 0.3168724 1.5111914 0.5439084 0.5612650 0.1611659 0.2727526 0.4002426 0.1062384 0.2727526 0.0000000 0.1833248 0.2019991 0.3848541 0.3287531 0.2259314 0.3108304 0.5554578 0.2941812 0.4150700 0.5005476 0.1343797 
ped        0.4083485 0.3421667 0.5942256 0.4394714 0.3329754 0.4082859 0.4207259 0.2319284 0.4444628 0.0554795 1.4534278 0.7137894 0.8721185 0.2015152 0.2570551 0.4222339 0.2953601 0.2570551 0.1833248 0.0000000 0.2602920 0.6149099 0.4622275 0.3645116 0.4310900 0.5996985 0.3513852 0.8041512 0.5632069 0.1627850 
flu        0.5570535 0.2398561 0.7291137 0.8147605 0.7683840 0.7792787 0.5136839 0.3964382 0.4973743 0.4199563 1.8504068 1.1042826 0.7128884 0.2647183 0.3398032 0.7176844 0.2616182 0.3398032 0.2019991 0.2602920 0.0000000 0.2849241 0.4140609 0.3655188 0.1142422 0.2006318 0.4722636 0.6036103 0.3721167 0.3227128 
bne        0.4590420 0.4083820 0.4979030 0.5645458 0.6862375 0.8414826 0.6367065 0.6783642 0.5610107 0.8666111 1.3408001 0.9544332 0.8051752 0.3533849 0.2847317 0.7983653 0.3439093 0.2847317 0.3848541 0.6149099 0.2849241 0.0000000 0.6405037 0.4743039 0.1838510 0.3669028 0.5854820 0.4625222 0.0922481 0.4948250 
nvi        0.6314588 0.1149313 0.3277385 0.7726084 0.8471601 1.0367833 0.4432570 0.8172311 0.7773551 0.5848826 0.9656661 1.2601583 0.5947015 0.2999835 0.4290517 0.5749469 0.3515087 0.4290517 0.3287531 0.4622275 0.4140609 0.6405037 0.0000000 0.4014905 0.5312395 0.6915713 0.7026223 1.0067252 0.7343130 0.4943020 
dme        0.4758814 0.3070578 0.2962333 0.3460695 0.4599121 0.5596032 0.3848186 0.6144565 0.3851743 0.5496220 1.7856755 0.6318337 0.6831501 0.2070518 0.4496730 0.3122176 0.3193468 0.4496730 0.2259314 0.3645116 0.3655188 0.4743039 0.4014905 0.0000000 0.3941092 0.5105057 0.4018028 0.4919799 0.6465312 0.4198930 
dbe        0.3387953 0.3154810 0.6297084 0.7094430 0.8105111 0.8225861 0.6458874 0.3964382 0.6612360 0.6487502 1.8504068 0.9711449 0.7128884 0.3722821 0.3542496 0.7176844 0.2730426 0.3542496 0.3108304 0.4310900 0.1142422 0.1838510 0.5312395 0.3941092 0.0000000 0.0815372 0.4722636 0.5036614 0.2395365 0.4083723 
bst        0.5789032 0.5318027 0.9588738 0.7154693 1.0102171 1.0255067 0.7127209 0.6821289 1.0247521 0.8702737 2.7758978 1.0551723 1.0636473 0.6112575 0.5817136 0.8972354 0.5024256 0.5817136 0.5554578 0.5996985 0.2006318 0.3669028 0.6915713 0.5105057 0.0815372 0.0000000 0.7681430 0.4489780 0.4760885 0.6658384 
dpu        0.3257640 0.4279930 0.3629210 0.3701908 0.3754222 0.3733953 0.3958135 0.2496694 0.2357036 0.5531602 1.5200942 0.5662934 0.6141220 0.3221448 0.3897178 0.2246001 0.3442739 0.3897178 0.2941812 0.3513852 0.4722636 0.5854820 0.7026223 0.4018028 0.4722636 0.7681430 0.0000000 0.5023878 0.5290405 0.1975615 
obi        0.6688467 0.6630119 0.5143346 0.4172989 0.4441487 0.6468196 0.4757567 0.5914033 0.4690653 1.1375911 1.6172567 0.7428117 1.4203261 0.4526561 0.5411362 0.3479259 0.3223200 0.5411362 0.4150700 0.8041512 0.6036103 0.4625222 1.0067252 0.4919799 0.5036614 0.4489780 0.5023878 0.0000000 0.6442904 0.4505066 
mme        0.4051507 0.6538416 0.6892693 0.5521760 0.7674909 0.7784435 0.9619932 0.7544987 0.6270674 0.8100177 1.1548559 0.6775903 0.9170111 0.5654360 0.3135126 0.8966213 0.4483920 0.3135126 0.5005476 0.5632069 0.3721167 0.0922481 0.7343130 0.6465312 0.2395365 0.4760885 0.5290405 0.6442904 0.0000000 0.4411809 
pho        0.2354423 0.2855474 0.4817017 0.2321311 0.2274699 0.3503558 0.3892588 0.4410281 0.3933327 0.2943255 1.4712997 0.2990394 0.4239422 0.1752678 0.1941106 0.3316452 0.2315304 0.1941106 0.1343797 0.1627850 0.3227128 0.4948250 0.4943020 0.4198930 0.4083723 0.6658384 0.1975615 0.4505066 0.4411809 0.0000000 
