45
Amphiporus_sp.                   0.0000000 0.0632267 0.1128119 0.1149710 0.0635732 0.1128119 0.0635477 0.0408241 0.0195781 0.1135579 0.0408241 0.1128119 0.0880386 0.0638981 0.0406116 0.0406116 0.0408241 0.0404827 0.0635732 0.0195940 0.0195940 0.0843541 0.0885348 0.0635477 0.0885501 0.0885348 0.0195940 0.1120835 0.0885348 0.0196764 0.0638981 0.0848739 0.0875333 0.1391512 0.0635477 0.0408241 0.0634042 0.0638981 0.0417905 0.0871173 0.1765186 0.0630589 0.0196764 0.0885501 0.1719140 
Anaspides_tasmaniae              0.0632267 0.0000000 0.0829741 0.2081758 0.0894795 0.0829741 0.0339687 0.0598061 0.0875333 0.0887942 0.0598061 0.1452458 0.1162671 0.0870707 0.0199072 0.0199072 0.0645874 0.1135579 0.0894795 0.0412687 0.0412687 0.0593198 0.1156914 0.0339687 0.1169939 0.0601724 0.0412687 0.0343086 0.1156914 0.0850478 0.0899918 0.1768585 0.0642555 0.1735276 0.0894646 0.0645874 0.0863491 0.0899918 0.0000010 0.1734995 0.2989783 0.0411620 0.0850478 0.1156844 0.2115655 
Anoplodactylus_portus            0.1128119 0.0829741 0.0000000 0.2942683 0.1462730 0.0000010 0.0598061 0.0598061 0.1428240 0.1451524 0.0598061 0.2195047 0.1794053 0.0870707 0.0596513 0.0596513 0.1155303 0.1135579 0.1462730 0.1428870 0.1428870 0.0201568 0.1156914 0.0339687 0.1807909 0.0601724 0.0863491 0.0343086 0.1464057 0.0850478 0.1473617 0.0889582 0.1147632 0.2082413 0.2154127 0.1155303 0.0863491 0.1473617 0.0843300 0.2079825 0.1761956 0.0861726 0.0850478 0.1156844 0.2115655 
Ascaris_lumbricoides             0.1149710 0.2081758 0.2942683 0.0000000 0.2134451 0.2942683 0.2099326 0.1760407 0.1437502 0.2839501 0.1760407 0.2116839 0.1439162 0.2116137 0.1747756 0.1747756 0.1760407 0.1748849 0.2134451 0.1437129 0.1437129 0.2502157 0.2116137 0.2099326 0.1777648 0.2486393 0.1437129 0.2911559 0.2486393 0.1447123 0.1152683 0.2525363 0.2442080 0.2812807 0.1438055 0.1760407 0.2102019 0.0886986 0.1806257 0.1745332 0.2116839 0.2085402 0.1447123 0.2541689 0.2046988 
Callibaetis_ferrugineus          0.0635732 0.0894795 0.1462730 0.2134451 0.0000000 0.1462730 0.0899918 0.0649482 0.0880386 0.1450301 0.0649482 0.1462730 0.0660059 0.0418184 0.0645874 0.0645874 0.0200662 0.1142539 0.0000010 0.0880542 0.0880542 0.1147632 0.1177410 0.0899918 0.0204850 0.1177410 0.0414881 0.1452047 0.1177410 0.0885501 0.0876228 0.1763130 0.1162671 0.1731376 0.1438770 0.0649482 0.0898266 0.0876228 0.0907512 0.1134231 0.2940438 0.0892995 0.0885501 0.0204850 0.2097067 
Callipallene_sp.                 0.1128119 0.0829741 0.0000010 0.2942683 0.1462730 0.0000000 0.0598061 0.0598061 0.1428240 0.1451524 0.0598061 0.2195047 0.1794053 0.0870707 0.0596513 0.0596513 0.1155303 0.1135579 0.1462730 0.1428870 0.1428870 0.0201568 0.1156914 0.0339687 0.1807909 0.0601724 0.0863491 0.0343086 0.1464057 0.0850478 0.1473617 0.0889582 0.1147632 0.2082413 0.2154127 0.1155303 0.0863491 0.1473617 0.0843300 0.2079825 0.1761956 0.0861726 0.0850478 0.1156844 0.2115655 
Calocheiridius_cf._termitophilus 0.0635477 0.0339687 0.0598061 0.2099326 0.0899918 0.0598061 0.0000000 0.0415696 0.0880230 0.0892995 0.0415696 0.1463158 0.1170018 0.0650709 0.0199924 0.0199924 0.0649225 0.1142590 0.0899918 0.0850478 0.0850478 0.0596513 0.0901434 0.0200496 0.1177410 0.0417924 0.0414624 0.0829741 0.0650709 0.0636914 0.0905125 0.1129706 0.0645874 0.1132757 0.1439162 0.0649225 0.0645617 0.0905125 0.0344784 0.1134274 0.2115655 0.0413547 0.0636914 0.0901580 0.1746677 
Cherokia_georgiana               0.0408241 0.0598061 0.0598061 0.1760407 0.0649482 0.0598061 0.0415696 0.0000000 0.0635477 0.1161232 0.0000010 0.1155303 0.0899918 0.0201528 0.0414624 0.0414624 0.0416832 0.0878602 0.0649482 0.0587735 0.0587735 0.0863491 0.0417924 0.0200496 0.0905269 0.0417924 0.0199924 0.1132429 0.0650709 0.0197479 0.0652886 0.1129706 0.0894646 0.1132757 0.1137100 0.0416832 0.0199924 0.0652886 0.0606837 0.1134274 0.2115655 0.0644151 0.0197479 0.0418184 0.1151110 
Chordodes_morgani                0.0195781 0.0875333 0.1428240 0.1437502 0.0880386 0.1428240 0.0880230 0.0635477 0.0000000 0.1418010 0.0635477 0.0848739 0.1144054 0.0885348 0.0632012 0.0632012 0.0635477 0.0195235 0.0880386 0.0406116 0.0406116 0.1120867 0.1151169 0.0880230 0.1151110 0.1151169 0.0406116 0.1418082 0.1151169 0.0407989 0.0885348 0.1128119 0.1137093 0.1692585 0.0880230 0.0635477 0.0878602 0.0885348 0.0650872 0.1132798 0.2119773 0.0873557 0.0407989 0.1151110 0.2049216 
Ciona_intestinalis               0.1135579 0.0887942 0.1451524 0.2839501 0.1450301 0.1451524 0.0892995 0.1161232 0.1418010 0.0000000 0.1161232 0.1440713 0.1761956 0.1460443 0.0640844 0.0640844 0.1161232 0.1722614 0.1450301 0.1417665 0.1417665 0.1138512 0.1775525 0.0892995 0.1774738 0.1155303 0.0887790 0.1440995 0.1463158 0.1427312 0.1460443 0.2476805 0.0201568 0.2410794 0.1426954 0.1147692 0.0887790 0.1460443 0.0900477 0.2405286 0.3850853 0.0886148 0.1427312 0.1774738 0.2838313 
Craterostigmus_tasmanianus       0.0408241 0.0598061 0.0598061 0.1760407 0.0649482 0.0598061 0.0415696 0.0000010 0.0635477 0.1161232 0.0000000 0.1155303 0.0899918 0.0201528 0.0414624 0.0414624 0.0416832 0.0878602 0.0649482 0.0587735 0.0587735 0.0863491 0.0417924 0.0200496 0.0905269 0.0417924 0.0199924 0.1132429 0.0650709 0.0197479 0.0652886 0.1129706 0.0894646 0.1132757 0.1137100 0.0416832 0.0199924 0.0652886 0.0606837 0.1134274 0.2115655 0.0644151 0.0197479 0.0418184 0.1151110 
Cyprididae_sp.                   0.1128119 0.1452458 0.2195047 0.2116839 0.1462730 0.2195047 0.1463158 0.1155303 0.0848739 0.1440713 0.1155303 0.0000000 0.1453385 0.1473617 0.1147692 0.1147692 0.1155303 0.1126497 0.1462730 0.1427862 0.1427862 0.1801582 0.1808781 0.1463158 0.1156844 0.1808781 0.0863491 0.2174465 0.1473617 0.1438192 0.1156914 0.2558470 0.1780455 0.2485422 0.2115655 0.1155303 0.0892995 0.0870707 0.1477053 0.2478786 0.2989783 0.1451937 0.1438192 0.1807909 0.2115655 
Dilta_littoralis                 0.0880386 0.1162671 0.1794053 0.1439162 0.0660059 0.1794053 0.1170018 0.0899918 0.1144054 0.1761956 0.0899918 0.1453385 0.0000000 0.1177410 0.0894646 0.0894646 0.0899918 0.1427312 0.0660059 0.1144002 0.1144002 0.1452458 0.1471182 0.1170018 0.0661575 0.1471182 0.0645874 0.1779632 0.1471182 0.1151110 0.0603289 0.2114473 0.1451189 0.1731376 0.1763495 0.0899918 0.1168517 0.0872483 0.1180201 0.2062791 0.2898159 0.1161232 0.1151110 0.0920308 0.2078175 
Eremobates_sp.                   0.0638981 0.0870707 0.0870707 0.2116137 0.0418184 0.0870707 0.0650709 0.0201528 0.0885348 0.1460443 0.0201528 0.1473617 0.1177410 0.0000000 0.0649225 0.0649225 0.0201528 0.1149652 0.0418184 0.0855751 0.0855751 0.1155303 0.0654382 0.0417924 0.0654640 0.0654382 0.0416832 0.1465731 0.0906798 0.0411452 0.0910546 0.1438770 0.1170018 0.1424288 0.1449250 0.0652886 0.0416832 0.0910546 0.0884013 0.0874562 0.2516848 0.0898118 0.0411452 0.0202277 0.1447253 
Eulimnadia_texana                0.0406116 0.0199072 0.0596513 0.1747756 0.0645874 0.0596513 0.0199924 0.0414624 0.0632012 0.0640844 0.0414624 0.1147692 0.0894646 0.0649225 0.0000000 0.0000010 0.0414624 0.0873557 0.0645874 0.0632267 0.0632267 0.0336492 0.0899771 0.0199924 0.0899918 0.0416832 0.0198908 0.0593198 0.0899771 0.0635477 0.0649225 0.1427862 0.0412687 0.1414022 0.1144054 0.0414624 0.0644151 0.0649225 0.0201471 0.1415005 0.2500772 0.0198354 0.0635477 0.0899918 0.1747008 
Gaetice_depressus                0.0406116 0.0199072 0.0596513 0.1747756 0.0645874 0.0596513 0.0199924 0.0414624 0.0632012 0.0640844 0.0414624 0.1147692 0.0894646 0.0649225 0.0000010 0.0000000 0.0414624 0.0873557 0.0645874 0.0632267 0.0632267 0.0336492 0.0899771 0.0199924 0.0899918 0.0416832 0.0198908 0.0593198 0.0899771 0.0635477 0.0649225 0.1427862 0.0412687 0.1414022 0.1144054 0.0414624 0.0644151 0.0649225 0.0201471 0.1415005 0.2500772 0.0198354 0.0635477 0.0899918 0.1747008 
Gomphocerinae_sp.                0.0408241 0.0645874 0.1155303 0.1760407 0.0200662 0.1155303 0.0649225 0.0416832 0.0635477 0.1161232 0.0416832 0.1155303 0.0899918 0.0201528 0.0414624 0.0414624 0.0000000 0.0878602 0.0200662 0.0635732 0.0635732 0.0863491 0.0905125 0.0649225 0.0418184 0.0905125 0.0199924 0.1147632 0.0905125 0.0638981 0.0652886 0.1437799 0.0894646 0.1423324 0.1151110 0.0416832 0.0647754 0.0652886 0.0654548 0.0872948 0.2523962 0.0644151 0.0638981 0.0418184 0.1759637 
Gordius_aquaticus                0.0404827 0.1135579 0.1135579 0.1748849 0.1142539 0.1135579 0.1142590 0.0878602 0.0195235 0.1722614 0.0878602 0.1126497 0.1427312 0.1149652 0.0873557 0.0873557 0.0878602 0.0000000 0.1142539 0.0630589 0.0630589 0.0868734 0.1437129 0.1142590 0.1436757 0.1437129 0.0630589 0.1128675 0.1437129 0.0633787 0.1149652 0.0873716 0.1418010 0.2020350 0.1142590 0.0878602 0.1141068 0.1149652 0.0900331 0.1414364 0.1734869 0.1134103 0.0633787 0.1436757 0.2410794 
Gromphadorhina_laevigata         0.0635732 0.0894795 0.1462730 0.2134451 0.0000010 0.1462730 0.0899918 0.0649482 0.0880386 0.1450301 0.0649482 0.1462730 0.0660059 0.0418184 0.0645874 0.0645874 0.0200662 0.1142539 0.0000000 0.0880542 0.0880542 0.1147632 0.1177410 0.0899918 0.0204850 0.1177410 0.0414881 0.1452047 0.1177410 0.0885501 0.0876228 0.1763130 0.1162671 0.1731376 0.1438770 0.0649482 0.0898266 0.0876228 0.0907512 0.1134231 0.2940438 0.0892995 0.0885501 0.0204850 0.2097067 
Halicryptus_spinulosus           0.0195940 0.0412687 0.1428870 0.1437129 0.0880542 0.1428870 0.0850478 0.0587735 0.0406116 0.1417665 0.0587735 0.1427862 0.1144002 0.0855751 0.0632267 0.0632267 0.0635732 0.0630589 0.0880542 0.0000000 0.0000010 0.1120835 0.1137100 0.0850478 0.1151051 0.1137100 0.0406366 0.0858305 0.1137100 0.0333209 0.0885501 0.1111909 0.1137048 0.1706509 0.0414624 0.0635732 0.0848739 0.0885501 0.0204618 0.1117894 0.2157531 0.0873716 0.0333209 0.1137061 0.2081266 
Heteromysis_sp.                  0.0195940 0.0412687 0.1428870 0.1437129 0.0880542 0.1428870 0.0850478 0.0587735 0.0406116 0.1417665 0.0587735 0.1427862 0.1144002 0.0855751 0.0632267 0.0632267 0.0635732 0.0630589 0.0880542 0.0000010 0.0000000 0.1120835 0.1137100 0.0850478 0.1151051 0.1137100 0.0406366 0.0858305 0.1137100 0.0333209 0.0885501 0.1111909 0.1137048 0.1706509 0.0414624 0.0635732 0.0848739 0.0885501 0.0204618 0.1117894 0.2157531 0.0873716 0.0333209 0.1137061 0.2081266 
Homarus_americanus               0.0843541 0.0593198 0.0201568 0.2502157 0.1147632 0.0201568 0.0596513 0.0863491 0.1120867 0.1138512 0.0863491 0.1801582 0.1452458 0.1155303 0.0336492 0.0336492 0.0863491 0.0868734 0.1147632 0.1120835 0.1120835 0.0000000 0.1463158 0.0596513 0.1462730 0.0868930 0.0592907 0.0200702 0.1463158 0.1128119 0.1155303 0.0887942 0.0858305 0.2085042 0.1750770 0.0863491 0.1146069 0.1155303 0.0601838 0.2082413 0.1762369 0.0591376 0.1128119 0.1462730 0.2500772 
Limulus_polyphemus               0.0885348 0.1156914 0.1156914 0.2116137 0.1177410 0.1156914 0.0901434 0.0417924 0.1151169 0.1775525 0.0417924 0.1808781 0.1471182 0.0654382 0.0899771 0.0899771 0.0905125 0.1437129 0.1177410 0.1137100 0.1137100 0.1463158 0.0000000 0.0650709 0.1481225 0.0906798 0.0649225 0.1815406 0.1179003 0.0640431 0.1184999 0.1763495 0.1461306 0.1731851 0.1777648 0.0905125 0.0649225 0.1184999 0.1175529 0.1731599 0.2516848 0.1168595 0.0640431 0.0906940 0.1447253 
Mecaphesa_asperata               0.0635477 0.0339687 0.0339687 0.2099326 0.0899918 0.0339687 0.0200496 0.0200496 0.0880230 0.0892995 0.0200496 0.1463158 0.1170018 0.0417924 0.0199924 0.0199924 0.0649225 0.1142590 0.0899918 0.0850478 0.0850478 0.0596513 0.0650709 0.0000000 0.1177410 0.0201528 0.0414624 0.0829741 0.0901434 0.0409294 0.0905125 0.1428857 0.0645874 0.1415005 0.1439162 0.0649225 0.0414624 0.0905125 0.0344784 0.1415983 0.2494007 0.0413547 0.0409294 0.0650966 0.1437683 
Merope_tuber                     0.0885501 0.1169939 0.1807909 0.1777648 0.0204850 0.1807909 0.1177410 0.0905269 0.1151110 0.1774738 0.0905269 0.1156844 0.0661575 0.0654640 0.0899918 0.0899918 0.0418184 0.1436757 0.0204850 0.1151051 0.1151051 0.1462730 0.1481225 0.1177410 0.0000000 0.1481225 0.0649482 0.1793206 0.1481225 0.1158263 0.0878016 0.2132033 0.1460903 0.2081435 0.1776826 0.0905269 0.1175900 0.0607011 0.1187723 0.1424891 0.2515462 0.1168517 0.1158263 0.0427198 0.1758475 
Milnesium_tardigradum            0.0885348 0.0601724 0.0601724 0.2486393 0.1177410 0.0601724 0.0417924 0.0417924 0.1151169 0.1155303 0.0417924 0.1808781 0.1471182 0.0654382 0.0416832 0.0416832 0.0905125 0.1437129 0.1177410 0.1137100 0.1137100 0.0868930 0.0906798 0.0201528 0.1481225 0.0000000 0.0649225 0.1140392 0.0652195 0.0640431 0.1184999 0.1763495 0.0870707 0.1731851 0.1777648 0.0417924 0.0649225 0.1184999 0.0610608 0.1731599 0.2928695 0.0647754 0.0640431 0.0906940 0.1759238 
Pandinus_imperator               0.0195940 0.0412687 0.0863491 0.1437129 0.0414881 0.0863491 0.0414624 0.0199924 0.0406116 0.0887790 0.0199924 0.0863491 0.0645874 0.0416832 0.0198908 0.0198908 0.0199924 0.0630589 0.0414881 0.0406366 0.0406366 0.0592907 0.0649225 0.0414624 0.0649482 0.0649225 0.0000000 0.0858305 0.0649225 0.0408241 0.0416832 0.1128078 0.0642299 0.1131236 0.0880386 0.0199924 0.0413547 0.0416832 0.0417905 0.1132757 0.2118577 0.0411365 0.0408241 0.0649482 0.1436757 
Panulirus_argus                  0.1120835 0.0343086 0.0343086 0.2911559 0.1452047 0.0343086 0.0829741 0.1132429 0.1418082 0.1440995 0.1132429 0.2174465 0.1779632 0.1465731 0.0593198 0.0593198 0.1147632 0.1128675 0.1452047 0.0858305 0.0858305 0.0200702 0.1815406 0.0829741 0.1793206 0.1140392 0.0858305 0.0000000 0.1815406 0.1428870 0.1462730 0.1140085 0.1140085 0.2518435 0.1452458 0.1147632 0.1453884 0.1462730 0.0348272 0.2511202 0.2134806 0.0856553 0.1428870 0.1814491 0.2989783 
Peripatoides_novaezealandiae     0.0885348 0.1156914 0.1464057 0.2486393 0.1177410 0.1464057 0.0650709 0.0650709 0.1151169 0.1463158 0.0650709 0.1473617 0.1471182 0.0906798 0.0899771 0.0899771 0.0905125 0.1437129 0.1177410 0.1137100 0.1137100 0.1463158 0.1179003 0.0901434 0.1481225 0.0652195 0.0649225 0.1815406 0.0000000 0.0886986 0.1184999 0.1438770 0.1464057 0.1424288 0.1777648 0.0417924 0.0649225 0.1184999 0.1175529 0.1425246 0.2516848 0.1168595 0.0886986 0.1178915 0.2095555 
Placopecten_magellanicus         0.0196764 0.0850478 0.0850478 0.1447123 0.0885501 0.0850478 0.0636914 0.0197479 0.0407989 0.1427312 0.0197479 0.1438192 0.1151110 0.0411452 0.0635477 0.0635477 0.0638981 0.0633787 0.0885501 0.0333209 0.0333209 0.1128119 0.0640431 0.0409294 0.1158263 0.0640431 0.0408241 0.1428870 0.0886986 0.0000000 0.0890529 0.0850478 0.1144054 0.1392546 0.0855567 0.0638981 0.0408241 0.0890529 0.0606837 0.0872788 0.1764738 0.0878602 0.0000010 0.0640686 0.1414664 
Podura_aquatica                  0.0638981 0.0899918 0.1473617 0.1152683 0.0876228 0.1473617 0.0905125 0.0652886 0.0885348 0.1460443 0.0652886 0.1156914 0.0603289 0.0910546 0.0649225 0.0649225 0.0652886 0.1149652 0.0876228 0.0885501 0.0885501 0.1155303 0.1184999 0.0905125 0.0878016 0.1184999 0.0416832 0.1462730 0.1184999 0.0890529 0.0000000 0.1777343 0.1170018 0.1744581 0.0887139 0.0652886 0.0903452 0.0202108 0.0912813 0.1744260 0.2516848 0.0898118 0.0890529 0.1172478 0.1759238 
Polyxenidae_sp.                  0.0848739 0.1768585 0.0889582 0.2525363 0.1763130 0.0889582 0.1129706 0.1129706 0.1128119 0.2476805 0.1129706 0.2558470 0.2114473 0.1438770 0.1427862 0.1427862 0.1437799 0.0873716 0.1763130 0.1111909 0.1111909 0.0887942 0.1763495 0.1428857 0.2132033 0.1763495 0.1128078 0.1140085 0.1438770 0.0850478 0.1777343 0.0000000 0.2097289 0.2047541 0.1783462 0.1437799 0.1427862 0.1777343 0.1480412 0.1414924 0.1161162 0.1751137 0.0850478 0.1762697 0.2855916 
Ptychodera_flava                 0.0875333 0.0642555 0.1147632 0.2442080 0.1162671 0.1147632 0.0645874 0.0894646 0.1137093 0.0201568 0.0894646 0.1780455 0.1451189 0.1170018 0.0412687 0.0412687 0.0894646 0.1418010 0.1162671 0.1137048 0.1137048 0.0858305 0.1461306 0.0645874 0.1460903 0.0870707 0.0642299 0.1140085 0.1464057 0.1144054 0.1170018 0.2097289 0.0000000 0.2049216 0.1144002 0.0865256 0.1161232 0.1170018 0.0651130 0.2046988 0.3350752 0.0640844 0.1144054 0.1460903 0.2440768 
Pycnophyes_sp.                   0.1391512 0.1735276 0.2082413 0.2812807 0.1731376 0.2082413 0.1132757 0.1132757 0.1692585 0.2410794 0.1132757 0.2485422 0.1731376 0.1424288 0.1414022 0.1414022 0.1423324 0.2020350 0.1731376 0.1706509 0.1706509 0.2085042 0.1731851 0.1415005 0.2081435 0.1731851 0.1131236 0.2518435 0.1424288 0.1392546 0.1744581 0.2047541 0.2049216 0.0000000 0.2439873 0.1423324 0.1414022 0.1744581 0.1766003 0.2000143 0.3297909 0.1720043 0.1392546 0.1731126 0.2774334 
Rugiloricus_sp.                  0.0635477 0.0894646 0.2154127 0.1438055 0.1438770 0.2154127 0.1439162 0.1137100 0.0880230 0.1426954 0.1137100 0.2115655 0.1763495 0.1449250 0.1144054 0.1144054 0.1151110 0.1142590 0.1438770 0.0414624 0.0414624 0.1750770 0.1777648 0.1439162 0.1776826 0.1777648 0.0880386 0.1452458 0.1777648 0.0855567 0.0887139 0.1783462 0.1144002 0.2439873 0.0000000 0.1151110 0.1438192 0.0887139 0.0665285 0.1748704 0.3023355 0.1427312 0.0855567 0.1797106 0.2885774 
Scutigera_coleoptrata            0.0408241 0.0645874 0.1155303 0.1760407 0.0649482 0.1155303 0.0649225 0.0416832 0.0635477 0.1147692 0.0416832 0.1155303 0.0899918 0.0652886 0.0414624 0.0414624 0.0416832 0.0878602 0.0649482 0.0635732 0.0635732 0.0863491 0.0905125 0.0649225 0.0905269 0.0417924 0.0199924 0.1147632 0.0417924 0.0638981 0.0652886 0.1437799 0.0865256 0.1423324 0.1151110 0.0000000 0.0647754 0.0652886 0.0654548 0.1424288 0.2523962 0.0644151 0.0638981 0.0905269 0.1759637 
Siro_rubens                      0.0634042 0.0863491 0.0863491 0.2102019 0.0898266 0.0863491 0.0645617 0.0199924 0.0878602 0.0887790 0.0199924 0.0892995 0.1168517 0.0416832 0.0644151 0.0644151 0.0647754 0.1141068 0.0898266 0.0848739 0.0848739 0.1146069 0.0649225 0.0414624 0.1175900 0.0649225 0.0413547 0.1453884 0.0649225 0.0408241 0.0903452 0.1427862 0.1161232 0.1414022 0.1438192 0.0647754 0.0000000 0.0903452 0.0876597 0.1415005 0.2500772 0.0891193 0.0408241 0.0649482 0.1436757 
Sminthurus_viridis               0.0638981 0.0899918 0.1473617 0.0886986 0.0876228 0.1473617 0.0905125 0.0652886 0.0885348 0.1460443 0.0652886 0.0870707 0.0872483 0.0910546 0.0649225 0.0649225 0.0652886 0.1149652 0.0876228 0.0885501 0.0885501 0.1155303 0.1184999 0.0905125 0.0607011 0.1184999 0.0416832 0.1462730 0.1184999 0.0890529 0.0202108 0.1777343 0.1170018 0.1744581 0.0887139 0.0652886 0.0903452 0.0000000 0.0912813 0.1744260 0.2133241 0.0898118 0.0890529 0.1172478 0.1447253 
Squilla_empusa                   0.0417905 0.0000010 0.0843300 0.1806257 0.0907512 0.0843300 0.0344784 0.0606837 0.0650872 0.0900477 0.0606837 0.1477053 0.1180201 0.0884013 0.0201471 0.0201471 0.0654548 0.0900331 0.0907512 0.0204618 0.0204618 0.0601838 0.1175529 0.0344784 0.1187723 0.0610608 0.0417905 0.0348272 0.1175529 0.0606837 0.0912813 0.1480412 0.0651130 0.1766003 0.0665285 0.0654548 0.0876597 0.0912813 0.0000000 0.1463324 0.2657457 0.0416814 0.0606837 0.1175439 0.2156181 
Stylochus_zebra                  0.0871173 0.1734995 0.2079825 0.1745332 0.1134231 0.2079825 0.1134274 0.1134274 0.1132798 0.2405286 0.1134274 0.2478786 0.2062791 0.0874562 0.1415005 0.1415005 0.0872948 0.1414364 0.1134231 0.1117894 0.1117894 0.2082413 0.1731599 0.1415983 0.1424891 0.1731599 0.1132757 0.2511202 0.1425246 0.0872788 0.1744260 0.1414924 0.2046988 0.2000143 0.1748704 0.1424288 0.1415005 0.1744260 0.1463324 0.0000000 0.2478786 0.1719849 0.0872788 0.1135743 0.2764447 
Trichinella_spiralis             0.1765186 0.2989783 0.1761956 0.2116839 0.2940438 0.1761956 0.2115655 0.2115655 0.2119773 0.3850853 0.2115655 0.2989783 0.2898159 0.2516848 0.2500772 0.2500772 0.2523962 0.1734869 0.2940438 0.2157531 0.2157531 0.1762369 0.2516848 0.2494007 0.2515462 0.2928695 0.2118577 0.2134806 0.2516848 0.1764738 0.2516848 0.1161162 0.3350752 0.3297909 0.3023355 0.2523962 0.2500772 0.2133241 0.2657457 0.2478786 0.0000000 0.2924165 0.1764738 0.2927569 0.1129706 
Triops_longicaudatus             0.0630589 0.0411620 0.0861726 0.2085402 0.0892995 0.0861726 0.0413547 0.0644151 0.0873557 0.0886148 0.0644151 0.1451937 0.1161232 0.0898118 0.0198354 0.0198354 0.0644151 0.1134103 0.0892995 0.0873716 0.0873716 0.0591376 0.1168595 0.0413547 0.1168517 0.0647754 0.0411365 0.0856553 0.1168595 0.0878602 0.0898118 0.1751137 0.0640844 0.1720043 0.1427312 0.0644151 0.0891193 0.0898118 0.0416814 0.1719849 0.2924165 0.0000000 0.0878602 0.1168517 0.2084286 
Urechis_caupo                    0.0196764 0.0850478 0.0850478 0.1447123 0.0885501 0.0850478 0.0636914 0.0197479 0.0407989 0.1427312 0.0197479 0.1438192 0.1151110 0.0411452 0.0635477 0.0635477 0.0638981 0.0633787 0.0885501 0.0333209 0.0333209 0.1128119 0.0640431 0.0409294 0.1158263 0.0640431 0.0408241 0.1428870 0.0886986 0.0000010 0.0890529 0.0850478 0.1144054 0.1392546 0.0855567 0.0638981 0.0408241 0.0890529 0.0606837 0.0872788 0.1764738 0.0878602 0.0000000 0.0640686 0.1414664 
Vespula_pensylvanica             0.0885501 0.1156844 0.1156844 0.2541689 0.0204850 0.1156844 0.0901580 0.0418184 0.1151110 0.1774738 0.0418184 0.1807909 0.0920308 0.0202277 0.0899918 0.0899918 0.0418184 0.1436757 0.0204850 0.1137061 0.1137061 0.1462730 0.0906940 0.0650966 0.0427198 0.0906940 0.0649482 0.1814491 0.1178915 0.0640686 0.1172478 0.1762697 0.1460903 0.1731126 0.1797106 0.0905269 0.0649482 0.1172478 0.1175439 0.1135743 0.2927569 0.1168517 0.0640686 0.0000000 0.1758475 
Xiphinema_rivesi                 0.1719140 0.2115655 0.2115655 0.2046988 0.2097067 0.2115655 0.1746677 0.1151110 0.2049216 0.2838313 0.1151110 0.2115655 0.2078175 0.1447253 0.1747008 0.1747008 0.1759637 0.2410794 0.2097067 0.2081266 0.2081266 0.2500772 0.1447253 0.1437683 0.1758475 0.1759238 0.1436757 0.2989783 0.2095555 0.1414664 0.1759238 0.2855916 0.2440768 0.2774334 0.2885774 0.1759637 0.1436757 0.1447253 0.2156181 0.2764447 0.1129706 0.2084286 0.1414664 0.1758475 0.0000000 
